ID	s	d	ts	te	LLC	size	parent	parentTime	replica
----------------------------------------------------
328	3	11	20	21	0	10		-1		-1			-1
636	3	11	20	21	0	25		-1		-1			-1
646	3	11	20	21	0	25		-1		-1			-1
727	3	11	20	21	0	50		-1		-1			-1
947	3	11	20	21	0	100		-1		-1			-1
1	1	9	20	21	2	1		1		22			0
993	1	9	20	21	2	100		1		22			0
313	2	10	21	22	0	10		-1		-1			-1
764	2	10	21	22	0	50		-1		-1			-1
520	3	11	20	22	0	25		-1		-1			-1
329	3	11	21	22	0	10		-1		-1			-1
660	3	11	21	22	0	25		-1		-1			-1
1	1	9	20	22	3	1		1		23			0
15	1	9	21	22	2	1		1		23			0
688	1	9	21	22	2	25		1		23			0
858	1	9	21	22	2	50		1		23			0
963	2	10	21	23	0	100		-1		-1			-1
189	2	10	22	23	0	1		-1		-1			-1
282	2	10	22	23	0	10		-1		-1			-1
986	2	10	22	23	0	100		-1		-1			-1
637	3	11	20	23	0	25		-1		-1			-1
182	3	11	22	23	0	1		-1		-1			-1
993	1	9	20	23	3	100		1		23			0
299	2	10	22	24	0	10		-1		-1			-1
212	2	10	23	24	0	1		-1		-1			-1
354	2	10	23	24	0	10		-1		-1			-1
607	3	11	23	24	0	25		-1		-1			-1
724	3	11	23	24	0	50		-1		-1			-1
36	2	10	24	25	0	1		-1		-1			-1
475	2	10	24	25	0	10		-1		-1			-1
533	2	10	24	25	0	25		-1		-1			-1
518	0	10	20	25	6	25		0		26			0
659	0	10	20	25	6	25		0		26			0
8	6	10	20	25	6	1		0		26			0
385	6	10	20	25	6	10		0		26			0
207	0	10	21	25	5	1		0		26			0
266	0	10	21	25	5	10		0		26			0
421	0	10	21	25	5	10		0		26			0
401	6	10	21	25	5	10		0		26			0
622	6	10	21	25	5	25		0		26			0
782	6	10	21	25	5	50		0		26			0
954	6	10	21	25	5	100		0		26			0
251	0	10	22	25	4	10		0		26			0
752	0	10	22	25	4	50		0		26			0
862	0	10	22	25	4	50		0		26			0
456	6	10	22	25	4	10		0		26			0
588	6	10	22	25	4	25		0		26			0
923	6	10	22	25	4	100		0		26			0
285	0	10	23	25	3	10		0		26			0
568	0	10	24	25	2	25		0		26			0
655	0	10	24	25	2	25		0		26			0
834	0	10	24	25	2	50		0		26			0
731	6	10	24	25	2	50		14		26			1
901	6	10	24	25	2	50		14		26			1
927	6	10	24	25	2	100		14		26			1
869	3	11	24	25	0	50		-1		-1			-1
979	3	11	24	25	0	100		-1		-1			-1
524	2	10	24	26	0	25		-1		-1			-1
523	0	10	20	26	6	25		0		26			0
476	6	10	20	26	6	10		0		26			0
493	0	10	21	26	5	25		0		26			0
423	6	10	21	26	5	10		0		26			0
795	6	10	21	26	5	50		0		26			0
984	6	10	22	26	4	100		0		26			0
572	0	10	24	26	2	25		0		26			0
904	6	10	24	26	2	50		14		26			1
292	2	10	25	26	0	10		-1		-1			-1
978	2	10	25	26	0	100		-1		-1			-1
898	3	11	24	26	0	50		-1		-1			-1
111	3	11	25	26	0	1		-1		-1			-1
439	3	11	25	26	0	10		-1		-1			-1
567	3	11	25	26	0	25		-1		-1			-1
759	3	11	25	26	0	50		-1		-1			-1
1019	3	11	25	26	0	100		-1		-1			-1
786	0	10	24	27	2	50		0		26			0
185	3	11	26	27	0	1		-1		-1			-1
375	3	11	26	27	0	10		-1		-1			-1
536	3	11	26	27	0	25		-1		-1			-1
84	2	10	27	28	0	1		-1		-1			-1
324	2	10	27	28	0	10		-1		-1			-1
531	2	10	27	28	0	25		-1		-1			-1
730	2	10	27	28	0	50		-1		-1			-1
932	2	10	27	28	0	100		-1		-1			-1
518	0	10	20	28	9	25		0		29			0
659	0	10	20	28	9	25		0		29			0
385	6	10	20	28	9	10		0		29			0
207	0	10	21	28	8	1		0		29			0
421	0	10	21	28	8	10		0		29			0
401	6	10	21	28	8	10		0		29			0
622	6	10	21	28	8	25		0		29			0
795	6	10	21	28	8	50		0		29			0
251	0	10	22	28	7	10		0		29			0
862	0	10	22	28	7	50		0		29			0
588	6	10	22	28	7	25		0		29			0
984	6	10	22	28	7	100		0		29			0
505	6	10	23	28	6	25		0		29			0
707	6	10	23	28	6	50		0		29			0
969	6	10	23	28	6	100		0		29			0
572	0	10	24	28	5	25		0		29			0
786	0	10	24	28	5	50		0		29			0
36	2	10	24	28	5	1		0		29			0
524	2	10	24	28	5	25		0		29			0
731	6	10	24	28	5	50		0		29			0
904	6	10	24	28	5	50		0		29			0
71	0	10	25	28	4	1		0		29			0
525	0	10	25	28	4	25		0		29			0
529	0	10	25	28	4	25		0		29			0
50	6	10	25	28	4	1		0		29			0
434	6	10	25	28	4	10		0		29			0
542	6	10	25	28	4	25		0		29			0
582	6	10	25	28	4	25		0		29			0
822	6	10	25	28	4	50		0		29			0
62	0	10	26	28	3	1		0		29			0
122	0	10	26	28	3	1		0		29			0
47	0	10	27	28	2	1		0		29			0
234	0	10	27	28	2	1		0		29			0
371	0	10	27	28	2	10		0		29			0
554	3	11	26	28	0	25		-1		-1			-1
43	3	11	27	28	0	1		-1		-1			-1
120	3	11	27	28	0	1		-1		-1			-1
983	3	11	27	28	0	100		-1		-1			-1
970	2	10	27	29	0	100		-1		-1			-1
8	6	10	20	29	9	1		0		29			0
266	0	10	21	29	8	10		0		29			0
423	6	10	21	29	8	10		0		29			0
954	6	10	21	29	8	100		0		29			0
456	6	10	22	29	7	10		0		29			0
285	0	10	23	29	6	10		0		29			0
638	6	10	23	29	6	25		0		29			0
568	0	10	24	29	5	25		0		29			0
834	0	10	24	29	5	50		0		29			0
533	2	10	24	29	5	25		0		29			0
927	6	10	24	29	5	100		0		29			0
845	6	10	25	29	4	50		0		29			0
209	2	10	28	29	0	1		-1		-1			-1
790	2	10	28	29	0	50		-1		-1			-1
659	0	10	20	29	10	25		0		30			0
207	0	10	21	29	9	1		0		30			0
401	6	10	21	29	9	10		0		30			0
795	6	10	21	29	9	50		0		30			0
862	0	10	22	29	8	50		0		30			0
984	6	10	22	29	8	100		0		30			0
707	6	10	23	29	7	50		0		30			0
572	0	10	24	29	6	25		0		30			0
36	2	10	24	29	6	1		0		30			0
731	6	10	24	29	6	50		0		30			0
71	0	10	25	29	5	1		0		30			0
529	0	10	25	29	5	25		0		30			0
434	6	10	25	29	5	10		0		30			0
582	6	10	25	29	5	25		0		30			0
62	0	10	26	29	4	1		0		30			0
296	6	10	26	29	4	10		0		30			0
495	6	10	26	29	4	25		0		30			0
717	6	10	26	29	4	50		0		30			0
47	0	10	27	29	3	1		0		30			0
371	0	10	27	29	3	10		0		30			0
270	0	10	28	29	2	10		0		30			0
418	0	10	28	29	2	10		0		30			0
874	0	10	28	29	2	50		0		30			0
141	3	11	28	29	0	1		-1		-1			-1
287	3	11	28	29	0	10		-1		-1			-1
415	3	11	28	29	0	10		-1		-1			-1
676	3	11	28	29	0	25		-1		-1			-1
523	0	10	20	30	9	25		0		29			0
493	0	10	21	30	8	25		0		29			0
752	0	10	22	30	7	50		0		29			0
655	0	10	24	30	5	25		0		29			0
901	6	10	24	30	5	50		0		29			0
518	0	10	20	30	10	25		0		30			0
421	0	10	21	30	9	10		0		30			0
251	0	10	22	30	8	10		0		30			0
505	6	10	23	30	7	25		0		30			0
786	0	10	24	30	6	50		0		30			0
904	6	10	24	30	6	50		0		30			0
50	6	10	25	30	5	1		0		30			0
822	6	10	25	30	5	50		0		30			0
234	0	10	27	30	3	1		0		30			0
306	2	10	29	30	0	10		-1		-1			-1
772	2	10	29	30	0	50		-1		-1			-1
922	2	10	29	30	0	100		-1		-1			-1
659	0	10	20	30	11	25		0		31			0
207	0	10	21	30	10	1		0		31			0
401	6	10	21	30	10	10		0		31			0
795	6	10	21	30	10	50		0		31			0
862	0	10	22	30	9	50		0		31			0
984	6	10	22	30	9	100		0		31			0
638	6	10	23	30	8	25		0		31			0
568	0	10	24	30	7	25		0		31			0
834	0	10	24	30	7	50		0		31			0
533	2	10	24	30	7	25		0		31			0
927	6	10	24	30	7	100		0		31			0
529	0	10	25	30	6	25		0		31			0
582	6	10	25	30	6	25		0		31			0
62	0	10	26	30	5	1		0		31			0
495	6	10	26	30	5	25		0		31			0
47	0	10	27	30	4	1		0		31			0
84	2	10	27	30	4	1		0		31			0
531	2	10	27	30	4	25		0		31			0
932	2	10	27	30	4	100		0		31			0
270	0	10	28	30	3	10		0		31			0
874	0	10	28	30	3	50		0		31			0
333	0	10	29	30	2	10		0		31			0
902	0	10	29	30	2	50		0		31			0
540	3	11	28	30	0	25		-1		-1			-1
547	3	11	29	30	0	25		-1		-1			-1
579	3	11	29	30	0	25		-1		-1			-1
985	3	11	29	30	0	100		-1		-1			-1
476	6	10	20	31	9	10		0		29			0
923	6	10	22	31	7	100		0		29			0
475	2	10	24	31	5	10		0		29			0
385	6	10	20	31	10	10		0		30			0
588	6	10	22	31	8	25		0		30			0
524	2	10	24	31	6	25		0		30			0
542	6	10	25	31	5	25		0		30			0
187	0	10	28	31	2	1		0		30			0
471	2	10	29	31	0	10		-1		-1			-1
1022	2	10	29	31	0	500		-1		-1			-1
266	0	10	21	31	10	10		0		31			0
954	6	10	21	31	10	100		0		31			0
285	0	10	23	31	8	10		0		31			0
572	0	10	24	31	7	25		0		31			0
731	6	10	24	31	7	50		0		31			0
434	6	10	25	31	6	10		0		31			0
296	6	10	26	31	5	10		0		31			0
371	0	10	27	31	4	10		0		31			0
730	2	10	27	31	4	50		0		31			0
418	0	10	28	31	3	10		0		31			0
343	0	10	29	31	2	10		0		31			0
61	2	10	30	31	0	1		-1		-1			-1
1021	2	10	30	31	0	500		-1		-1			-1
523	0	10	20	31	12	25		0		32			0
207	0	10	21	31	11	1		0		32			0
493	0	10	21	31	11	25		0		32			0
795	6	10	21	31	11	50		0		32			0
752	0	10	22	31	10	50		0		32			0
984	6	10	22	31	10	100		0		32			0
638	6	10	23	31	9	25		0		32			0
655	0	10	24	31	8	25		0		32			0
834	0	10	24	31	8	50		0		32			0
901	6	10	24	31	8	50		0		32			0
927	6	10	24	31	8	100		0		32			0
50	6	10	25	31	7	1		0		32			0
822	6	10	25	31	7	50		0		32			0
495	6	10	26	31	6	25		0		32			0
234	0	10	27	31	5	1		0		32			0
531	2	10	27	31	5	25		0		32			0
270	0	10	28	31	4	10		0		32			0
209	2	10	28	31	4	1		0		32			0
333	0	10	29	31	3	10		0		32			0
123	0	10	30	31	2	1		0		32			0
594	0	10	30	31	2	25		0		32			0
839	0	10	30	31	2	50		0		32			0
134	4	10	20	31	12	1		20		32			1
213	4	10	20	31	12	1		20		32			1
944	4	10	20	31	12	100		20		32			1
230	4	10	21	31	11	1		20		32			1
781	4	10	21	31	11	50		20		32			1
850	4	10	22	31	10	50		20		32			1
608	4	10	23	31	9	25		20		32			1
926	4	10	23	31	9	100		20		32			1
166	4	10	24	31	8	1		20		32			1
619	4	10	24	31	8	25		20		32			1
769	4	10	24	31	8	50		20		32			1
913	4	10	24	31	8	50		20		32			1
952	4	10	24	31	8	100		20		32			1
86	4	10	25	31	7	1		20		32			1
172	4	10	25	31	7	1		20		32			1
395	4	10	26	31	6	10		20		32			1
950	4	10	26	31	6	100		20		32			1
887	4	10	27	31	5	50		20		32			1
975	4	10	27	31	5	100		20		32			1
314	4	10	28	31	4	10		20		32			1
521	4	10	28	31	4	25		20		32			1
915	4	10	28	31	4	50		20		32			1
942	4	10	28	31	4	100		20		32			1
765	3	11	29	31	0	50		-1		-1			-1
32	3	11	30	31	0	1		-1		-1			-1
206	3	11	30	31	0	1		-1		-1			-1
782	6	10	21	32	8	50		0		29			0
154	0	10	25	32	4	1		0		29			0
622	6	10	21	32	9	25		0		30			0
525	0	10	25	32	5	25		0		30			0
8	6	10	20	32	11	1		0		31			0
456	6	10	22	32	9	10		0		31			0
36	2	10	24	32	7	1		0		31			0
845	6	10	25	32	6	50		0		31			0
324	2	10	27	32	4	10		0		31			0
518	0	10	20	32	12	25		0		32			0
421	0	10	21	32	11	10		0		32			0
251	0	10	22	32	10	10		0		32			0
505	6	10	23	32	9	25		0		32			0
786	0	10	24	32	8	50		0		32			0
904	6	10	24	32	8	50		0		32			0
582	6	10	25	32	7	25		0		32			0
47	0	10	27	32	5	1		0		32			0
932	2	10	27	32	5	100		0		32			0
790	2	10	28	32	4	50		0		32			0
235	4	10	20	32	12	1		20		32			1
33	4	10	23	32	9	1		20		32			1
715	4	10	24	32	8	50		20		32			1
891	4	10	24	32	8	50		20		32			1
936	4	10	24	32	8	100		20		32			1
6	4	10	27	32	5	1		20		32			1
953	4	10	27	32	5	100		20		32			1
817	4	10	28	32	4	50		20		32			1
990	4	10	28	32	4	100		20		32			1
385	6	10	20	32	13	10		0		33			0
207	0	10	21	32	12	1		0		33			0
493	0	10	21	32	12	25		0		33			0
954	6	10	21	32	12	100		0		33			0
588	6	10	22	32	11	25		0		33			0
984	6	10	22	32	11	100		0		33			0
638	6	10	23	32	10	25		0		33			0
655	0	10	24	32	9	25		0		33			0
475	2	10	24	32	9	10		0		33			0
731	6	10	24	32	9	50		0		33			0
927	6	10	24	32	9	100		0		33			0
434	6	10	25	32	8	10		0		33			0
822	6	10	25	32	8	50		0		33			0
495	6	10	26	32	7	25		0		33			0
371	0	10	27	32	6	10		0		33			0
730	2	10	27	32	6	50		0		33			0
270	0	10	28	32	5	10		0		33			0
209	2	10	28	32	5	1		0		33			0
343	0	10	29	32	4	10		0		33			0
471	2	10	29	32	4	10		0		33			0
922	2	10	29	32	4	100		0		33			0
123	0	10	30	32	3	1		0		33			0
839	0	10	30	32	3	50		0		33			0
792	4	10	29	32	4	50		2		33			0
987	4	10	29	32	4	100		2		33			0
969	6	10	23	33	7	100		0		30			0
423	6	10	21	33	10	10		0		31			0
71	0	10	25	33	6	1		0		31			0
970	2	10	27	33	4	100		0		31			0
659	0	10	20	33	12	25		0		32			0
862	0	10	22	33	10	50		0		32			0
533	2	10	24	33	8	25		0		32			0
62	0	10	26	33	6	1		0		32			0
874	0	10	28	33	4	50		0		32			0
967	4	10	24	33	8	100		20		32			1
934	4	10	28	33	4	100		20		32			1
476	6	10	20	33	13	10		0		33			0
795	6	10	21	33	12	50		0		33			0
923	6	10	22	33	11	100		0		33			0
572	0	10	24	33	9	25		0		33			0
524	2	10	24	33	9	25		0		33			0
50	6	10	25	33	8	1		0		33			0
296	6	10	26	33	7	10		0		33			0
531	2	10	27	33	6	25		0		33			0
418	0	10	28	33	5	10		0		33			0
306	2	10	29	33	4	10		0		33			0
1022	2	10	29	33	4	500		0		33			0
37	4	10	29	33	4	1		2		33			0
518	0	10	20	33	14	25		0		34			0
385	6	10	20	33	14	10		0		34			0
421	0	10	21	33	13	10		0		34			0
622	6	10	21	33	13	25		0		34			0
954	6	10	21	33	13	100		0		34			0
456	6	10	22	33	12	10		0		34			0
984	6	10	22	33	12	100		0		34			0
638	6	10	23	33	11	25		0		34			0
786	0	10	24	33	10	50		0		34			0
475	2	10	24	33	10	10		0		34			0
904	6	10	24	33	10	50		0		34			0
154	0	10	25	33	9	1		0		34			0
434	6	10	25	33	9	10		0		34			0
822	6	10	25	33	9	50		0		34			0
495	6	10	26	33	8	25		0		34			0
371	0	10	27	33	7	10		0		34			0
730	2	10	27	33	7	50		0		34			0
270	0	10	28	33	6	10		0		34			0
790	2	10	28	33	6	50		0		34			0
471	2	10	29	33	5	10		0		34			0
123	0	10	30	33	4	1		0		34			0
61	2	10	30	33	4	1		0		34			0
134	4	10	20	33	14	1		0		34			0
235	4	10	20	33	14	1		0		34			0
230	4	10	21	33	13	1		0		34			0
850	4	10	22	33	12	50		0		34			0
608	4	10	23	33	11	25		0		34			0
166	4	10	24	33	10	1		0		34			0
715	4	10	24	33	10	50		0		34			0
891	4	10	24	33	10	50		0		34			0
936	4	10	24	33	10	100		0		34			0
86	4	10	25	33	9	1		0		34			0
395	4	10	26	33	8	10		0		34			0
6	4	10	27	33	7	1		0		34			0
953	4	10	27	33	7	100		0		34			0
314	4	10	28	33	6	10		0		34			0
817	4	10	28	33	6	50		0		34			0
942	4	10	28	33	6	100		0		34			0
175	4	10	30	33	4	1		12		34			0
363	4	10	30	33	4	10		12		34			0
921	4	10	30	33	4	100		12		34			0
122	0	10	26	34	4	1		0		30			0
707	6	10	23	34	8	50		0		31			0
401	6	10	21	34	11	10		0		32			0
529	0	10	25	34	7	25		0		32			0
902	0	10	29	34	3	50		0		32			0
523	0	10	20	34	13	25		0		33			0
752	0	10	22	34	11	50		0		33			0
834	0	10	24	34	9	50		0		33			0
542	6	10	25	34	8	25		0		33			0
187	0	10	28	34	5	1		0		33			0
772	2	10	29	34	4	50		0		33			0
8	6	10	20	34	14	1		0		34			0
493	0	10	21	34	13	25		0		34			0
251	0	10	22	34	12	10		0		34			0
505	6	10	23	34	11	25		0		34			0
36	2	10	24	34	10	1		0		34			0
927	6	10	24	34	10	100		0		34			0
582	6	10	25	34	9	25		0		34			0
47	0	10	27	34	7	1		0		34			0
932	2	10	27	34	7	100		0		34			0
343	0	10	29	34	5	10		0		34			0
839	0	10	30	34	4	50		0		34			0
213	4	10	20	34	14	1		0		34			0
781	4	10	21	34	13	50		0		34			0
926	4	10	23	34	11	100		0		34			0
769	4	10	24	34	10	50		0		34			0
952	4	10	24	34	10	100		0		34			0
950	4	10	26	34	8	100		0		34			0
975	4	10	27	34	7	100		0		34			0
915	4	10	28	34	6	50		0		34			0
518	0	10	20	34	15	25		0		35			0
385	6	10	20	34	15	10		0		35			0
421	0	10	21	34	14	10		0		35			0
622	6	10	21	34	14	25		0		35			0
954	6	10	21	34	14	100		0		35			0
456	6	10	22	34	13	10		0		35			0
984	6	10	22	34	13	100		0		35			0
969	6	10	23	34	12	100		0		35			0
786	0	10	24	34	11	50		0		35			0
524	2	10	24	34	11	25		0		35			0
904	6	10	24	34	11	50		0		35			0
154	0	10	25	34	10	1		0		35			0
434	6	10	25	34	10	10		0		35			0
62	0	10	26	34	9	1		0		35			0
495	6	10	26	34	9	25		0		35			0
531	2	10	27	34	8	25		0		35			0
970	2	10	27	34	8	100		0		35			0
418	0	10	28	34	7	10		0		35			0
790	2	10	28	34	7	50		0		35			0
471	2	10	29	34	6	10		0		35			0
123	0	10	30	34	5	1		0		35			0
134	4	10	20	34	15	1		0		35			0
230	4	10	21	34	14	1		0		35			0
608	4	10	23	34	12	25		0		35			0
715	4	10	24	34	11	50		0		35			0
936	4	10	24	34	11	100		0		35			0
86	4	10	25	34	10	1		0		35			0
6	4	10	27	34	8	1		0		35			0
314	4	10	28	34	7	10		0		35			0
934	4	10	28	34	7	100		0		35			0
37	4	10	29	34	6	1		0		35			0
987	4	10	29	34	6	100		0		35			0
717	6	10	26	35	5	50		0		31			0
568	0	10	24	35	8	25		0		32			0
266	0	10	21	35	12	10		0		33			0
901	6	10	24	35	9	50		0		33			0
333	0	10	29	35	4	10		0		33			0
207	0	10	21	35	13	1		0		34			0
588	6	10	22	35	12	25		0		34			0
731	6	10	24	35	10	50		0		34			0
845	6	10	25	35	9	50		0		34			0
209	2	10	28	35	6	1		0		34			0
1021	2	10	30	35	4	500		0		34			0
33	4	10	23	35	11	1		0		34			0
913	4	10	24	35	10	50		0		34			0
887	4	10	27	35	7	50		0		34			0
990	4	10	28	35	6	100		0		34			0
659	0	10	20	35	15	25		0		35			0
423	6	10	21	35	14	10		0		35			0
862	0	10	22	35	13	50		0		35			0
638	6	10	23	35	12	25		0		35			0
475	2	10	24	35	11	10		0		35			0
71	0	10	25	35	10	1		0		35			0
822	6	10	25	35	10	50		0		35			0
371	0	10	27	35	8	10		0		35			0
270	0	10	28	35	7	10		0		35			0
306	2	10	29	35	6	10		0		35			0
61	2	10	30	35	5	1		0		35			0
850	4	10	22	35	13	50		0		35			0
891	4	10	24	35	11	50		0		35			0
395	4	10	26	35	9	10		0		35			0
817	4	10	28	35	7	50		0		35			0
792	4	10	29	35	6	50		0		35			0
523	0	10	20	35	16	25		0		36			0
385	6	10	20	35	16	10		0		36			0
493	0	10	21	35	15	25		0		36			0
622	6	10	21	35	15	25		0		36			0
251	0	10	22	35	14	10		0		36			0
456	6	10	22	35	14	10		0		36			0
505	6	10	23	35	13	25		0		36			0
969	6	10	23	35	13	100		0		36			0
834	0	10	24	35	12	50		0		36			0
524	2	10	24	35	12	25		0		36			0
927	6	10	24	35	12	100		0		36			0
529	0	10	25	35	11	25		0		36			0
542	6	10	25	35	11	25		0		36			0
62	0	10	26	35	10	1		0		36			0
495	6	10	26	35	10	25		0		36			0
531	2	10	27	35	9	25		0		36			0
970	2	10	27	35	9	100		0		36			0
418	0	10	28	35	8	10		0		36			0
343	0	10	29	35	7	10		0		36			0
471	2	10	29	35	7	10		0		36			0
123	0	10	30	35	6	1		0		36			0
134	4	10	20	35	16	1		0		36			0
230	4	10	21	35	15	1		0		36			0
608	4	10	23	35	13	25		0		36			0
715	4	10	24	35	12	50		0		36			0
936	4	10	24	35	12	100		0		36			0
86	4	10	25	35	11	1		0		36			0
6	4	10	27	35	9	1		0		36			0
314	4	10	28	35	8	10		0		36			0
934	4	10	28	35	8	100		0		36			0
987	4	10	29	35	7	100		0		36			0
363	4	10	30	35	6	10		0		36			0
84	2	10	27	36	5	1		0		32			0
285	0	10	23	36	10	10		0		33			0
594	0	10	30	36	3	25		0		33			0
782	6	10	21	36	13	50		0		34			0
525	0	10	25	36	9	25		0		34			0
922	2	10	29	36	5	100		0		34			0
619	4	10	24	36	10	25		0		34			0
521	4	10	28	36	6	25		0		34			0
476	6	10	20	36	15	10		0		35			0
923	6	10	22	36	13	100		0		35			0
533	2	10	24	36	11	25		0		35			0
296	6	10	26	36	9	10		0		35			0
874	0	10	28	36	7	50		0		35			0
235	4	10	20	36	15	1		0		35			0
967	4	10	24	36	11	100		0		35			0
942	4	10	28	36	7	100		0		35			0
8	6	10	20	36	16	1		0		36			0
401	6	10	21	36	15	10		0		36			0
752	0	10	22	36	14	50		0		36			0
707	6	10	23	36	13	50		0		36			0
36	2	10	24	36	12	1		0		36			0
154	0	10	25	36	11	1		0		36			0
582	6	10	25	36	11	25		0		36			0
47	0	10	27	36	9	1		0		36			0
187	0	10	28	36	8	1		0		36			0
902	0	10	29	36	7	50		0		36			0
839	0	10	30	36	6	50		0		36			0
781	4	10	21	36	15	50		0		36			0
769	4	10	24	36	12	50		0		36			0
950	4	10	26	36	10	100		0		36			0
915	4	10	28	36	8	50		0		36			0
175	4	10	30	36	6	1		0		36			0
523	0	10	20	36	17	25		0		37			0
385	6	10	20	36	17	10		0		37			0
266	0	10	21	36	16	10		0		37			0
423	6	10	21	36	16	10		0		37			0
251	0	10	22	36	15	10		0		37			0
456	6	10	22	36	15	10		0		37			0
505	6	10	23	36	14	25		0		37			0
969	6	10	23	36	14	100		0		37			0
834	0	10	24	36	13	50		0		37			0
524	2	10	24	36	13	25		0		37			0
901	6	10	24	36	13	50		0		37			0
71	0	10	25	36	12	1		0		37			0
542	6	10	25	36	12	25		0		37			0
845	6	10	25	36	12	50		0		37			0
495	6	10	26	36	11	25		0		37			0
371	0	10	27	36	10	10		0		37			0
970	2	10	27	36	10	100		0		37			0
418	0	10	28	36	9	10		0		37			0
333	0	10	29	36	8	10		0		37			0
306	2	10	29	36	8	10		0		37			0
123	0	10	30	36	7	1		0		37			0
134	4	10	20	36	17	1		0		37			0
850	4	10	22	36	15	50		0		37			0
608	4	10	23	36	14	25		0		37			0
891	4	10	24	36	13	50		0		37			0
936	4	10	24	36	13	100		0		37			0
395	4	10	26	36	11	10		0		37			0
887	4	10	27	36	10	50		0		37			0
817	4	10	28	36	9	50		0		37			0
990	4	10	28	36	9	100		0		37			0
987	4	10	29	36	8	100		0		37			0
234	0	10	27	37	6	1		0		33			0
655	0	10	24	37	10	25		0		34			0
944	4	10	20	37	14	100		0		34			0
795	6	10	21	37	14	50		0		35			0
50	6	10	25	37	10	1		0		35			0
1022	2	10	29	37	6	500		0		35			0
953	4	10	27	37	8	100		0		35			0
421	0	10	21	37	15	10		0		36			0
984	6	10	22	37	14	100		0		36			0
904	6	10	24	37	12	50		0		36			0
122	0	10	26	37	10	1		0		36			0
790	2	10	28	37	8	50		0		36			0
213	4	10	20	37	16	1		0		36			0
952	4	10	24	37	12	100		0		36			0
37	4	10	29	37	7	1		0		36			0
659	0	10	20	37	17	25		0		37			0
493	0	10	21	37	16	25		0		37			0
862	0	10	22	37	15	50		0		37			0
638	6	10	23	37	14	25		0		37			0
475	2	10	24	37	13	10		0		37			0
927	6	10	24	37	13	100		0		37			0
822	6	10	25	37	12	50		0		37			0
717	6	10	26	37	11	50		0		37			0
270	0	10	28	37	9	10		0		37			0
343	0	10	29	37	8	10		0		37			0
61	2	10	30	37	7	1		0		37			0
33	4	10	23	37	14	1		0		37			0
913	4	10	24	37	13	50		0		37			0
6	4	10	27	37	10	1		0		37			0
934	4	10	28	37	9	100		0		37			0
363	4	10	30	37	7	10		0		37			0
324	2	10	27	38	7	10		0		34			0
572	0	10	24	38	11	25		0		35			0
166	4	10	24	38	11	1		0		35			0
954	6	10	21	38	15	100		0		36			0
434	6	10	25	38	11	10		0		36			0
772	2	10	29	38	7	50		0		36			0
975	4	10	27	38	9	100		0		36			0
207	0	10	21	38	16	1		0		37			0
588	6	10	22	38	15	25		0		37			0
731	6	10	24	38	13	50		0		37			0
62	0	10	26	38	11	1		0		37			0
209	2	10	28	38	9	1		0		37			0
230	4	10	21	38	16	1		0		37			0
86	4	10	25	38	12	1		0		37			0
792	4	10	29	38	8	50		0		37			0
172	4	10	25	39	9	1		0		34			0
730	2	10	27	39	8	50		0		35			0
786	0	10	24	39	12	50		0		36			0
926	4	10	23	39	13	100		0		36			0
622	6	10	21	39	16	25		0		37			0
529	0	10	25	39	12	25		0		37			0
471	2	10	29	39	8	10		0		37			0
314	4	10	28	39	9	10		0		37			0
518	0	10	20	40	16	25		0		36			0
921	4	10	30	40	6	100		0		36			0
531	2	10	27	40	10	25		0		37			0
932	2	10	27	41	9	100		0		36			0
715	4	10	24	41	13	50		0		37			0
568	0	10	24	42	13	25		0		37			0
518	0	10	20	84	65	25		0		85			0
659	0	10	20	84	65	25		0		85			0
385	6	10	20	84	65	10		0		85			0
207	0	10	21	84	64	1		0		85			0
421	0	10	21	84	64	10		0		85			0
401	6	10	21	84	64	10		0		85			0
622	6	10	21	84	64	25		0		85			0
795	6	10	21	84	64	50		0		85			0
251	0	10	22	84	63	10		0		85			0
862	0	10	22	84	63	50		0		85			0
588	6	10	22	84	63	25		0		85			0
984	6	10	22	84	63	100		0		85			0
505	6	10	23	84	62	25		0		85			0
707	6	10	23	84	62	50		0		85			0
568	0	10	24	84	61	25		0		85			0
655	0	10	24	84	61	25		0		85			0
834	0	10	24	84	61	50		0		85			0
475	2	10	24	84	61	10		0		85			0
533	2	10	24	84	61	25		0		85			0
901	6	10	24	84	61	50		0		85			0
927	6	10	24	84	61	100		0		85			0
154	0	10	25	84	60	1		0		85			0
529	0	10	25	84	60	25		0		85			0
434	6	10	25	84	60	10		0		85			0
582	6	10	25	84	60	25		0		85			0
845	6	10	25	84	60	50		0		85			0
122	0	10	26	84	59	1		0		85			0
495	6	10	26	84	59	25		0		85			0
47	0	10	27	84	58	1		0		85			0
371	0	10	27	84	58	10		0		85			0
324	2	10	27	84	58	10		0		85			0
730	2	10	27	84	58	50		0		85			0
970	2	10	27	84	58	100		0		85			0
270	0	10	28	84	57	10		0		85			0
874	0	10	28	84	57	50		0		85			0
790	2	10	28	84	57	50		0		85			0
343	0	10	29	84	56	10		0		85			0
306	2	10	29	84	56	10		0		85			0
772	2	10	29	84	56	50		0		85			0
1022	2	10	29	84	58	500		0		87			0
594	0	10	30	84	55	25		0		85			0
61	2	10	30	84	55	1		0		85			0
134	4	10	20	84	65	1		0		85			0
235	4	10	20	84	65	1		0		85			0
230	4	10	21	84	64	1		0		85			0
850	4	10	22	84	63	50		0		85			0
608	4	10	23	84	62	25		0		85			0
166	4	10	24	84	61	1		0		85			0
715	4	10	24	84	61	50		0		85			0
891	4	10	24	84	61	50		0		85			0
936	4	10	24	84	61	100		0		85			0
967	4	10	24	84	61	100		0		85			0
172	4	10	25	84	60	1		0		85			0
950	4	10	26	84	59	100		0		85			0
887	4	10	27	84	58	50		0		85			0
975	4	10	27	84	58	100		0		85			0
521	4	10	28	84	57	25		0		85			0
915	4	10	28	84	57	50		0		85			0
942	4	10	28	84	57	100		0		85			0
37	4	10	29	84	56	1		0		85			0
987	4	10	29	84	56	100		0		85			0
363	4	10	30	84	55	10		0		85			0
178	6	10	27	84	58	1		0		85			0
436	6	10	27	84	58	10		0		85			0
522	6	10	27	84	58	25		0		85			0
701	6	10	27	84	58	25		0		85			0
260	6	10	28	84	57	10		0		85			0
1013	6	10	28	84	57	100		0		85			0
544	6	10	29	84	56	25		0		85			0
626	6	10	29	84	56	25		0		85			0
684	6	10	29	84	56	25		0		85			0
45	6	10	30	84	55	1		0		85			0
300	6	10	30	84	55	10		0		85			0
813	6	10	30	84	55	50		0		85			0
924	6	10	30	84	55	100		0		85			0
474	7	10	20	84	65	10		0		85			0
227	7	10	21	84	64	1		0		85			0
496	7	10	21	84	64	25		0		85			0
589	7	10	21	84	64	25		0		85			0
41	7	10	22	84	63	1		0		85			0
180	7	10	22	84	63	1		0		85			0
492	7	10	22	84	63	25		0		85			0
612	7	10	22	84	63	25		0		85			0
686	7	10	22	84	63	25		0		85			0
224	7	10	23	84	62	1		0		85			0
548	7	10	23	84	62	25		0		85			0
117	7	10	24	84	61	1		0		85			0
249	7	10	24	84	61	10		0		85			0
569	7	10	24	84	61	25		0		85			0
651	7	10	24	84	61	25		0		85			0
833	7	10	24	84	61	50		0		85			0
186	7	10	25	84	60	1		0		85			0
980	7	10	25	84	60	100		0		85			0
338	7	10	26	84	59	10		0		85			0
814	7	10	26	84	59	50		0		85			0
948	7	10	26	84	59	100		0		85			0
156	7	10	27	84	58	1		0		85			0
201	7	10	27	84	58	1		0		85			0
734	7	10	27	84	58	50		0		85			0
897	7	10	27	84	58	50		0		85			0
972	7	10	27	84	58	100		0		85			0
311	7	10	28	84	57	10		0		85			0
69	7	10	29	84	56	1		0		85			0
103	7	10	29	84	56	1		0		85			0
219	7	10	29	84	56	1		0		85			0
751	7	10	29	84	56	50		0		85			0
877	7	10	29	84	56	50		0		85			0
193	7	10	30	84	55	1		0		85			0
390	7	10	30	84	55	10		0		85			0
940	7	10	30	84	55	100		0		85			0
523	0	10	20	85	65	25		0		85			0
476	6	10	20	85	65	10		0		85			0
493	0	10	21	85	64	25		0		85			0
782	6	10	21	85	64	50		0		85			0
752	0	10	22	85	63	50		0		85			0
923	6	10	22	85	63	100		0		85			0
638	6	10	23	85	62	25		0		85			0
572	0	10	24	85	61	25		0		85			0
36	2	10	24	85	61	1		0		85			0
731	6	10	24	85	61	50		0		85			0
71	0	10	25	85	60	1		0		85			0
50	6	10	25	85	60	1		0		85			0
822	6	10	25	85	60	50		0		85			0
296	6	10	26	85	59	10		0		85			0
234	0	10	27	85	58	1		0		85			0
531	2	10	27	85	58	25		0		85			0
187	0	10	28	85	57	1		0		85			0
209	2	10	28	85	57	1		0		85			0
902	0	10	29	85	56	50		0		85			0
922	2	10	29	85	56	100		0		85			0
839	0	10	30	85	55	50		0		85			0
213	4	10	20	85	65	1		0		85			0
781	4	10	21	85	64	50		0		85			0
926	4	10	23	85	62	100		0		85			0
769	4	10	24	85	61	50		0		85			0
952	4	10	24	85	61	100		0		85			0
395	4	10	26	85	59	10		0		85			0
953	4	10	27	85	58	100		0		85			0
817	4	10	28	85	57	50		0		85			0
990	4	10	28	85	57	100		0		85			0
175	4	10	30	85	55	1		0		85			0
470	6	10	27	85	58	10		0		85			0
81	6	10	29	85	56	1		0		85			0
696	6	10	29	85	56	25		0		85			0
958	6	10	30	85	55	100		0		85			0
108	7	10	22	85	63	1		0		85			0
242	7	10	22	85	63	1		0		85			0
694	7	10	23	85	62	25		0		85			0
342	7	10	24	85	61	10		0		85			0
628	7	10	24	85	61	25		0		85			0
935	7	10	24	85	61	100		0		85			0
183	7	10	26	85	59	1		0		85			0
239	7	10	27	85	58	1		0		85			0
749	7	10	27	85	58	50		0		85			0
938	7	10	27	85	58	100		0		85			0
99	7	10	29	85	56	1		0		85			0
914	7	10	29	85	56	50		0		85			0
514	7	10	30	85	55	25		0		85			0
971	7	10	30	85	55	100		0		85			0
659	0	10	20	85	66	25		0		86			0
207	0	10	21	85	65	1		0		86			0
401	6	10	21	85	65	10		0		86			0
795	6	10	21	85	65	50		0		86			0
862	0	10	22	85	64	50		0		86			0
984	6	10	22	85	64	100		0		86			0
707	6	10	23	85	63	50		0		86			0
655	0	10	24	85	62	25		0		86			0
475	2	10	24	85	62	10		0		86			0
901	6	10	24	85	62	50		0		86			0
154	0	10	25	85	61	1		0		86			0
434	6	10	25	85	61	10		0		86			0
845	6	10	25	85	61	50		0		86			0
495	6	10	26	85	60	25		0		86			0
371	0	10	27	85	59	10		0		86			0
730	2	10	27	85	59	50		0		86			0
270	0	10	28	85	58	10		0		86			0
790	2	10	28	85	58	50		0		86			0
306	2	10	29	85	57	10		0		86			0
1022	2	10	29	85	57	500		0		86			0
61	2	10	30	85	56	1		0		86			0
235	4	10	20	85	66	1		0		86			0
850	4	10	22	85	64	50		0		86			0
166	4	10	24	85	62	1		0		86			0
891	4	10	24	85	62	50		0		86			0
967	4	10	24	85	62	100		0		86			0
950	4	10	26	85	60	100		0		86			0
975	4	10	27	85	59	100		0		86			0
915	4	10	28	85	58	50		0		86			0
37	4	10	29	85	57	1		0		86			0
363	4	10	30	85	56	10		0		86			0
436	6	10	27	85	59	10		0		86			0
701	6	10	27	85	59	25		0		86			0
1013	6	10	28	85	58	100		0		86			0
626	6	10	29	85	57	25		0		86			0
45	6	10	30	85	56	1		0		86			0
813	6	10	30	85	56	50		0		86			0
474	7	10	20	85	66	10		0		86			0
496	7	10	21	85	65	25		0		86			0
41	7	10	22	85	64	1		0		86			0
492	7	10	22	85	64	25		0		86			0
686	7	10	22	85	64	25		0		86			0
548	7	10	23	85	63	25		0		86			0
249	7	10	24	85	62	10		0		86			0
651	7	10	24	85	62	25		0		86			0
186	7	10	25	85	61	1		0		86			0
338	7	10	26	85	60	10		0		86			0
948	7	10	26	85	60	100		0		86			0
201	7	10	27	85	59	1		0		86			0
897	7	10	27	85	59	50		0		86			0
311	7	10	28	85	58	10		0		86			0
103	7	10	29	85	57	1		0		86			0
751	7	10	29	85	57	50		0		86			0
193	7	10	30	85	56	1		0		86			0
940	7	10	30	85	56	100		0		86			0
8	6	10	20	86	65	1		0		85			0
423	6	10	21	86	64	10		0		85			0
456	6	10	22	86	63	10		0		85			0
969	6	10	23	86	62	100		0		85			0
524	2	10	24	86	61	25		0		85			0
525	0	10	25	86	60	25		0		85			0
62	0	10	26	86	59	1		0		85			0
84	2	10	27	86	58	1		0		85			0
418	0	10	28	86	57	10		0		85			0
471	2	10	29	86	56	10		0		85			0
1021	2	10	30	86	57	500		0		87			0
33	4	10	23	86	62	1		0		85			0
913	4	10	24	86	61	50		0		85			0
6	4	10	27	86	58	1		0		85			0
934	4	10	28	86	57	100		0		85			0
921	4	10	30	86	55	100		0		85			0
995	7	10	27	86	58	100		0		85			0
518	0	10	20	86	66	25		0		86			0
421	0	10	21	86	65	10		0		86			0
251	0	10	22	86	64	10		0		86			0
505	6	10	23	86	63	25		0		86			0
834	0	10	24	86	62	50		0		86			0
927	6	10	24	86	62	100		0		86			0
582	6	10	25	86	61	25		0		86			0
47	0	10	27	86	59	1		0		86			0
970	2	10	27	86	59	100		0		86			0
343	0	10	29	86	57	10		0		86			0
594	0	10	30	86	56	25		0		86			0
230	4	10	21	86	65	1		0		86			0
715	4	10	24	86	62	50		0		86			0
172	4	10	25	86	61	1		0		86			0
521	4	10	28	86	58	25		0		86			0
987	4	10	29	86	57	100		0		86			0
522	6	10	27	86	59	25		0		86			0
544	6	10	29	86	57	25		0		86			0
300	6	10	30	86	56	10		0		86			0
227	7	10	21	86	65	1		0		86			0
180	7	10	22	86	64	1		0		86			0
224	7	10	23	86	63	1		0		86			0
569	7	10	24	86	62	25		0		86			0
980	7	10	25	86	61	100		0		86			0
156	7	10	27	86	59	1		0		86			0
972	7	10	27	86	59	100		0		86			0
219	7	10	29	86	57	1		0		86			0
390	7	10	30	86	56	10		0		86			0
659	0	10	20	86	67	25		0		87			0
207	0	10	21	86	66	1		0		87			0
401	6	10	21	86	66	10		0		87			0
795	6	10	21	86	66	50		0		87			0
862	0	10	22	86	65	50		0		87			0
984	6	10	22	86	65	100		0		87			0
707	6	10	23	86	64	50		0		87			0
655	0	10	24	86	63	25		0		87			0
475	2	10	24	86	63	10		0		87			0
901	6	10	24	86	63	50		0		87			0
154	0	10	25	86	62	1		0		87			0
434	6	10	25	86	62	10		0		87			0
845	6	10	25	86	62	50		0		87			0
495	6	10	26	86	61	25		0		87			0
371	0	10	27	86	60	10		0		87			0
730	2	10	27	86	60	50		0		87			0
270	0	10	28	86	59	10		0		87			0
790	2	10	28	86	59	50		0		87			0
306	2	10	29	86	58	10		0		87			0
1022	2	10	29	86	58	500		0		87			0
61	2	10	30	86	57	1		0		87			0
235	4	10	20	86	67	1		0		87			0
850	4	10	22	86	65	50		0		87			0
166	4	10	24	86	63	1		0		87			0
891	4	10	24	86	63	50		0		87			0
967	4	10	24	86	63	100		0		87			0
950	4	10	26	86	61	100		0		87			0
975	4	10	27	86	60	100		0		87			0
915	4	10	28	86	59	50		0		87			0
37	4	10	29	86	58	1		0		87			0
363	4	10	30	86	57	10		0		87			0
470	6	10	27	86	60	10		0		87			0
1013	6	10	28	86	59	100		0		87			0
626	6	10	29	86	58	25		0		87			0
45	6	10	30	86	57	1		0		87			0
958	6	10	30	86	57	100		0		87			0
496	7	10	21	86	66	25		0		87			0
108	7	10	22	86	65	1		0		87			0
492	7	10	22	86	65	25		0		87			0
548	7	10	23	86	64	25		0		87			0
249	7	10	24	86	63	10		0		87			0
628	7	10	24	86	63	25		0		87			0
935	7	10	24	86	63	100		0		87			0
183	7	10	26	86	61	1		0		87			0
948	7	10	26	86	61	100		0		87			0
239	7	10	27	86	60	1		0		87			0
897	7	10	27	86	60	50		0		87			0
311	7	10	28	86	59	10		0		87			0
103	7	10	29	86	58	1		0		87			0
914	7	10	29	86	58	50		0		87			0
514	7	10	30	86	57	25		0		87			0
971	7	10	30	86	57	100		0		87			0
266	0	10	21	87	64	10		0		85			0
285	0	10	23	87	62	10		0		85			0
904	6	10	24	87	61	50		0		85			0
717	6	10	26	87	59	50		0		85			0
333	0	10	29	87	56	10		0		85			0
944	4	10	20	87	65	100		0		85			0
86	4	10	25	87	60	1		0		85			0
792	4	10	29	87	56	50		0		85			0
385	6	10	20	87	66	10		0		86			0
588	6	10	22	87	64	25		0		86			0
533	2	10	24	87	62	25		0		86			0
122	0	10	26	87	60	1		0		86			0
874	0	10	28	87	58	50		0		86			0
134	4	10	20	87	66	1		0		86			0
936	4	10	24	87	62	100		0		86			0
942	4	10	28	87	58	100		0		86			0
260	6	10	28	87	58	10		0		86			0
924	6	10	30	87	56	100		0		86			0
612	7	10	22	87	64	25		0		86			0
833	7	10	24	87	62	50		0		86			0
734	7	10	27	87	59	50		0		86			0
877	7	10	29	87	57	50		0		86			0
476	6	10	20	87	67	10		0		87			0
782	6	10	21	87	66	50		0		87			0
923	6	10	22	87	65	100		0		87			0
572	0	10	24	87	63	25		0		87			0
731	6	10	24	87	63	50		0		87			0
50	6	10	25	87	62	1		0		87			0
296	6	10	26	87	61	10		0		87			0
531	2	10	27	87	60	25		0		87			0
209	2	10	28	87	59	1		0		87			0
922	2	10	29	87	58	100		0		87			0
213	4	10	20	87	67	1		0		87			0
926	4	10	23	87	64	100		0		87			0
952	4	10	24	87	63	100		0		87			0
953	4	10	27	87	60	100		0		87			0
990	4	10	28	87	59	100		0		87			0
436	6	10	27	87	60	10		0		87			0
81	6	10	29	87	58	1		0		87			0
813	6	10	30	87	57	50		0		87			0
41	7	10	22	87	65	1		0		87			0
686	7	10	22	87	65	25		0		87			0
342	7	10	24	87	63	10		0		87			0
186	7	10	25	87	62	1		0		87			0
201	7	10	27	87	60	1		0		87			0
938	7	10	27	87	60	100		0		87			0
751	7	10	29	87	58	50		0		87			0
940	7	10	30	87	57	100		0		87			0
659	0	10	20	87	68	25		0		88			0
207	0	10	21	87	67	1		0		88			0
401	6	10	21	87	67	10		0		88			0
795	6	10	21	87	67	50		0		88			0
862	0	10	22	87	66	50		0		88			0
984	6	10	22	87	66	100		0		88			0
707	6	10	23	87	65	50		0		88			0
655	0	10	24	87	64	25		0		88			0
475	2	10	24	87	64	10		0		88			0
901	6	10	24	87	64	50		0		88			0
154	0	10	25	87	63	1		0		88			0
434	6	10	25	87	63	10		0		88			0
845	6	10	25	87	63	50		0		88			0
495	6	10	26	87	62	25		0		88			0
371	0	10	27	87	61	10		0		88			0
730	2	10	27	87	61	50		0		88			0
270	0	10	28	87	60	10		0		88			0
790	2	10	28	87	60	50		0		88			0
306	2	10	29	87	59	10		0		88			0
1022	2	10	29	87	59	500		0		88			0
61	2	10	30	87	58	1		0		88			0
235	4	10	20	87	68	1		0		88			0
850	4	10	22	87	66	50		0		88			0
166	4	10	24	87	64	1		0		88			0
891	4	10	24	87	64	50		0		88			0
967	4	10	24	87	64	100		0		88			0
950	4	10	26	87	62	100		0		88			0
975	4	10	27	87	61	100		0		88			0
915	4	10	28	87	60	50		0		88			0
37	4	10	29	87	59	1		0		88			0
363	4	10	30	87	58	10		0		88			0
470	6	10	27	87	61	10		0		88			0
1013	6	10	28	87	60	100		0		88			0
626	6	10	29	87	59	25		0		88			0
300	6	10	30	87	58	10		0		88			0
227	7	10	21	87	67	1		0		88			0
108	7	10	22	87	66	1		0		88			0
492	7	10	22	87	66	25		0		88			0
548	7	10	23	87	65	25		0		88			0
569	7	10	24	87	64	25		0		88			0
935	7	10	24	87	64	100		0		88			0
183	7	10	26	87	62	1		0		88			0
156	7	10	27	87	61	1		0		88			0
897	7	10	27	87	61	50		0		88			0
995	7	10	27	87	61	100		0		88			0
103	7	10	29	87	59	1		0		88			0
914	7	10	29	87	59	50		0		88			0
514	7	10	30	87	58	25		0		88			0
954	6	10	21	88	64	100		0		85			0
542	6	10	25	88	60	25		0		85			0
123	0	10	30	88	55	1		0		85			0
314	4	10	28	88	57	10		0		85			0
622	6	10	21	88	65	25		0		86			0
529	0	10	25	88	61	25		0		86			0
772	2	10	29	88	57	50		0		86			0
887	4	10	27	88	59	50		0		86			0
684	6	10	29	88	57	25		0		86			0
117	7	10	24	88	62	1		0		86			0
69	7	10	29	88	57	1		0		86			0
493	0	10	21	88	66	25		0		87			0
638	6	10	23	88	64	25		0		87			0
71	0	10	25	88	62	1		0		87			0
234	0	10	27	88	60	1		0		87			0
902	0	10	29	88	58	50		0		87			0
781	4	10	21	88	66	50		0		87			0
395	4	10	26	88	61	10		0		87			0
175	4	10	30	88	57	1		0		87			0
696	6	10	29	88	58	25		0		87			0
242	7	10	22	88	65	1		0		87			0
651	7	10	24	88	63	25		0		87			0
749	7	10	27	88	60	50		0		87			0
193	7	10	30	88	57	1		0		87			0
8	6	10	20	88	68	1		0		88			0
423	6	10	21	88	67	10		0		88			0
456	6	10	22	88	66	10		0		88			0
969	6	10	23	88	65	100		0		88			0
524	2	10	24	88	64	25		0		88			0
525	0	10	25	88	63	25		0		88			0
62	0	10	26	88	62	1		0		88			0
84	2	10	27	88	61	1		0		88			0
418	0	10	28	88	60	10		0		88			0
471	2	10	29	88	59	10		0		88			0
1021	2	10	30	88	58	500		0		88			0
33	4	10	23	88	65	1		0		88			0
913	4	10	24	88	64	50		0		88			0
6	4	10	27	88	61	1		0		88			0
934	4	10	28	88	60	100		0		88			0
921	4	10	30	88	58	100		0		88			0
544	6	10	29	88	59	25		0		88			0
958	6	10	30	88	58	100		0		88			0
180	7	10	22	88	66	1		0		88			0
249	7	10	24	88	64	10		0		88			0
980	7	10	25	88	63	100		0		88			0
239	7	10	27	88	61	1		0		88			0
311	7	10	28	88	60	10		0		88			0
390	7	10	30	88	58	10		0		88			0
659	0	10	20	88	69	25		0		89			0
476	6	10	20	88	69	10		0		89			0
266	0	10	21	88	68	10		0		89			0
782	6	10	21	88	68	50		0		89			0
862	0	10	22	88	67	50		0		89			0
923	6	10	22	88	67	100		0		89			0
285	0	10	23	88	66	10		0		89			0
572	0	10	24	88	65	25		0		89			0
475	2	10	24	88	65	10		0		89			0
731	6	10	24	88	65	50		0		89			0
904	6	10	24	88	65	50		0		89			0
50	6	10	25	88	64	1		0		89			0
845	6	10	25	88	64	50		0		89			0
296	6	10	26	88	63	10		0		89			0
717	6	10	26	88	63	50		0		89			0
531	2	10	27	88	62	25		0		89			0
270	0	10	28	88	61	10		0		89			0
209	2	10	28	88	61	1		0		89			0
333	0	10	29	88	60	10		0		89			0
922	2	10	29	88	60	100		0		89			0
61	2	10	30	88	59	1		0		89			0
213	4	10	20	88	69	1		0		89			0
944	4	10	20	88	69	100		0		89			0
926	4	10	23	88	66	100		0		89			0
891	4	10	24	88	65	50		0		89			0
952	4	10	24	88	65	100		0		89			0
86	4	10	25	88	64	1		0		89			0
953	4	10	27	88	62	100		0		89			0
915	4	10	28	88	61	50		0		89			0
990	4	10	28	88	61	100		0		89			0
792	4	10	29	88	60	50		0		89			0
436	6	10	27	88	62	10		0		89			0
260	6	10	28	88	61	10		0		89			0
81	6	10	29	88	60	1		0		89			0
300	6	10	30	88	59	10		0		89			0
924	6	10	30	88	59	100		0		89			0
41	7	10	22	88	67	1		0		89			0
492	7	10	22	88	67	25		0		89			0
686	7	10	22	88	67	25		0		89			0
342	7	10	24	88	65	10		0		89			0
833	7	10	24	88	65	50		0		89			0
186	7	10	25	88	64	1		0		89			0
156	7	10	27	88	62	1		0		89			0
734	7	10	27	88	62	50		0		89			0
938	7	10	27	88	62	100		0		89			0
103	7	10	29	88	60	1		0		89			0
877	7	10	29	88	60	50		0		89			0
514	7	10	30	88	59	25		0		89			0
786	0	10	24	89	61	50		0		85			0
619	4	10	24	89	61	25		0		85			0
568	0	10	24	89	62	25		0		86			0
608	4	10	23	89	63	25		0		86			0
589	7	10	21	89	65	25		0		86			0
523	0	10	20	89	67	25		0		87			0
36	2	10	24	89	63	1		0		87			0
187	0	10	28	89	59	1		0		87			0
769	4	10	24	89	63	50		0		87			0
701	6	10	27	89	60	25		0		87			0
694	7	10	23	89	64	25		0		87			0
99	7	10	29	89	58	1		0		87			0
421	0	10	21	89	67	10		0		88			0
505	6	10	23	89	65	25		0		88			0
927	6	10	24	89	64	100		0		88			0
47	0	10	27	89	61	1		0		88			0
343	0	10	29	89	59	10		0		88			0
230	4	10	21	89	67	1		0		88			0
172	4	10	25	89	63	1		0		88			0
987	4	10	29	89	59	100		0		88			0
45	6	10	30	89	58	1		0		88			0
224	7	10	23	89	65	1		0		88			0
948	7	10	26	89	62	100		0		88			0
219	7	10	29	89	59	1		0		88			0
385	6	10	20	89	69	10		0		89			0
401	6	10	21	89	68	10		0		89			0
588	6	10	22	89	67	25		0		89			0
707	6	10	23	89	66	50		0		89			0
533	2	10	24	89	65	25		0		89			0
154	0	10	25	89	64	1		0		89			0
122	0	10	26	89	63	1		0		89			0
371	0	10	27	89	62	10		0		89			0
874	0	10	28	89	61	50		0		89			0
306	2	10	29	89	60	10		0		89			0
134	4	10	20	89	69	1		0		89			0
850	4	10	22	89	67	50		0		89			0
936	4	10	24	89	65	100		0		89			0
950	4	10	26	89	63	100		0		89			0
942	4	10	28	89	61	100		0		89			0
363	4	10	30	89	59	10		0		89			0
1013	6	10	28	89	61	100		0		89			0
813	6	10	30	89	59	50		0		89			0
108	7	10	22	89	67	1		0		89			0
548	7	10	23	89	66	25		0		89			0
935	7	10	24	89	65	100		0		89			0
201	7	10	27	89	62	1		0		89			0
995	7	10	27	89	62	100		0		89			0
914	7	10	29	89	60	50		0		89			0
659	0	10	20	89	70	25		0		90			0
476	6	10	20	89	70	10		0		90			0
493	0	10	21	89	69	25		0		90			0
622	6	10	21	89	69	25		0		90			0
954	6	10	21	89	69	100		0		90			0
456	6	10	22	89	68	10		0		90			0
285	0	10	23	89	67	10		0		90			0
969	6	10	23	89	67	100		0		90			0
475	2	10	24	89	66	10		0		90			0
731	6	10	24	89	66	50		0		90			0
71	0	10	25	89	65	1		0		90			0
529	0	10	25	89	65	25		0		90			0
542	6	10	25	89	65	25		0		90			0
62	0	10	26	89	64	1		0		90			0
717	6	10	26	89	64	50		0		90			0
84	2	10	27	89	63	1		0		90			0
270	0	10	28	89	62	10		0		90			0
209	2	10	28	89	62	1		0		90			0
902	0	10	29	89	61	50		0		90			0
772	2	10	29	89	61	50		0		90			0
123	0	10	30	89	60	1		0		90			0
1021	2	10	30	89	60	500		0		90			0
944	4	10	20	89	70	100		0		90			0
33	4	10	23	89	67	1		0		90			0
891	4	10	24	89	66	50		0		90			0
952	4	10	24	89	66	100		0		90			0
395	4	10	26	89	64	10		0		90			0
887	4	10	27	89	63	50		0		90			0
314	4	10	28	89	62	10		0		90			0
934	4	10	28	89	62	100		0		90			0
792	4	10	29	89	61	50		0		90			0
921	4	10	30	89	60	100		0		90			0
260	6	10	28	89	62	10		0		90			0
544	6	10	29	89	61	25		0		90			0
696	6	10	29	89	61	25		0		90			0
924	6	10	30	89	60	100		0		90			0
41	7	10	22	89	68	1		0		90			0
242	7	10	22	89	68	1		0		90			0
686	7	10	22	89	68	25		0		90			0
249	7	10	24	89	66	10		0		90			0
651	7	10	24	89	66	25		0		90			0
186	7	10	25	89	65	1		0		90			0
156	7	10	27	89	63	1		0		90			0
734	7	10	27	89	63	50		0		90			0
938	7	10	27	89	63	100		0		90			0
69	7	10	29	89	61	1		0		90			0
877	7	10	29	89	61	50		0		90			0
390	7	10	30	89	60	10		0		90			0
932	2	10	27	90	58	100		0		85			0
324	2	10	27	90	59	10		0		86			0
814	7	10	26	90	60	50		0		86			0
822	6	10	25	90	62	50		0		87			0
817	4	10	28	90	59	50		0		87			0
338	7	10	26	90	61	10		0		87			0
251	0	10	22	90	66	10		0		88			0
582	6	10	25	90	63	25		0		88			0
594	0	10	30	90	58	25		0		88			0
521	4	10	28	90	60	25		0		88			0
496	7	10	21	90	67	25		0		88			0
972	7	10	27	90	61	100		0		88			0
207	0	10	21	90	68	1		0		89			0
984	6	10	22	90	67	100		0		89			0
901	6	10	24	90	65	50		0		89			0
495	6	10	26	90	63	25		0		89			0
790	2	10	28	90	61	50		0		89			0
235	4	10	20	90	69	1		0		89			0
967	4	10	24	90	65	100		0		89			0
37	4	10	29	90	60	1		0		89			0
626	6	10	29	90	60	25		0		89			0
612	7	10	22	90	67	25		0		89			0
183	7	10	26	90	63	1		0		89			0
751	7	10	29	90	60	50		0		89			0
8	6	10	20	90	70	1		0		90			0
423	6	10	21	90	69	10		0		90			0
862	0	10	22	90	68	50		0		90			0
638	6	10	23	90	67	25		0		90			0
524	2	10	24	90	66	25		0		90			0
525	0	10	25	90	65	25		0		90			0
845	6	10	25	90	65	50		0		90			0
234	0	10	27	90	63	1		0		90			0
418	0	10	28	90	62	10		0		90			0
471	2	10	29	90	61	10		0		90			0
61	2	10	30	90	60	1		0		90			0
781	4	10	21	90	69	50		0		90			0
913	4	10	24	90	66	50		0		90			0
6	4	10	27	90	63	1		0		90			0
915	4	10	28	90	62	50		0		90			0
175	4	10	30	90	60	1		0		90			0
81	6	10	29	90	61	1		0		90			0
300	6	10	30	90	60	10		0		90			0
180	7	10	22	90	68	1		0		90			0
117	7	10	24	90	66	1		0		90			0
833	7	10	24	90	66	50		0		90			0
239	7	10	27	90	63	1		0		90			0
311	7	10	28	90	62	10		0		90			0
193	7	10	30	90	60	1		0		90			0
523	0	10	20	90	71	25		0		91			0
385	6	10	20	90	71	10		0		91			0
421	0	10	21	90	70	10		0		91			0
401	6	10	21	90	70	10		0		91			0
954	6	10	21	90	70	100		0		91			0
588	6	10	22	90	69	25		0		91			0
505	6	10	23	90	68	25		0		91			0
969	6	10	23	90	68	100		0		91			0
786	0	10	24	90	67	50		0		91			0
475	2	10	24	90	67	10		0		91			0
731	6	10	24	90	67	50		0		91			0
71	0	10	25	90	66	1		0		91			0
529	0	10	25	90	66	25		0		91			0
62	0	10	26	90	65	1		0		91			0
717	6	10	26	90	65	50		0		91			0
371	0	10	27	90	64	10		0		91			0
187	0	10	28	90	63	1		0		91			0
874	0	10	28	90	63	50		0		91			0
343	0	10	29	90	62	10		0		91			0
306	2	10	29	90	62	10		0		91			0
123	0	10	30	90	61	1		0		91			0
134	4	10	20	90	71	1		0		91			0
230	4	10	21	90	70	1		0		91			0
33	4	10	23	90	68	1		0		91			0
619	4	10	24	90	67	25		0		91			0
891	4	10	24	90	67	50		0		91			0
952	4	10	24	90	67	100		0		91			0
395	4	10	26	90	65	10		0		91			0
887	4	10	27	90	64	50		0		91			0
934	4	10	28	90	63	100		0		91			0
792	4	10	29	90	62	50		0		91			0
363	4	10	30	90	61	10		0		91			0
701	6	10	27	90	64	25		0		91			0
1013	6	10	28	90	63	100		0		91			0
696	6	10	29	90	62	25		0		91			0
813	6	10	30	90	61	50		0		91			0
589	7	10	21	90	70	25		0		91			0
108	7	10	22	90	69	1		0		91			0
686	7	10	22	90	69	25		0		91			0
548	7	10	23	90	68	25		0		91			0
249	7	10	24	90	67	10		0		91			0
935	7	10	24	90	67	100		0		91			0
948	7	10	26	90	65	100		0		91			0
201	7	10	27	90	64	1		0		91			0
938	7	10	27	90	64	100		0		91			0
69	7	10	29	90	62	1		0		91			0
219	7	10	29	90	62	1		0		91			0
914	7	10	29	90	62	50		0		91			0
178	6	10	27	91	59	1		0		86			0
839	0	10	30	91	57	50		0		87			0
518	0	10	20	91	68	25		0		88			0
970	2	10	27	91	61	100		0		88			0
522	6	10	27	91	61	25		0		88			0
971	7	10	30	91	58	100		0		88			0
655	0	10	24	91	65	25		0		89			0
730	2	10	27	91	62	50		0		89			0
166	4	10	24	91	65	1		0		89			0
470	6	10	27	91	62	10		0		89			0
569	7	10	24	91	65	25		0		89			0
940	7	10	30	91	59	100		0		89			0
782	6	10	21	91	69	50		0		90			0
572	0	10	24	91	66	25		0		90			0
50	6	10	25	91	65	1		0		90			0
531	2	10	27	91	63	25		0		90			0
922	2	10	29	91	61	100		0		90			0
926	4	10	23	91	67	100		0		90			0
953	4	10	27	91	63	100		0		90			0
436	6	10	27	91	63	10		0		90			0
958	6	10	30	91	60	100		0		90			0
342	7	10	24	91	66	10		0		90			0
749	7	10	27	91	63	50		0		90			0
514	7	10	30	91	60	25		0		90			0
476	6	10	20	91	71	10		0		91			0
622	6	10	21	91	70	25		0		91			0
285	0	10	23	91	68	10		0		91			0
568	0	10	24	91	67	25		0		91			0
533	2	10	24	91	67	25		0		91			0
154	0	10	25	91	66	1		0		91			0
122	0	10	26	91	65	1		0		91			0
84	2	10	27	91	64	1		0		91			0
209	2	10	28	91	63	1		0		91			0
772	2	10	29	91	62	50		0		91			0
944	4	10	20	91	71	100		0		91			0
608	4	10	23	91	68	25		0		91			0
936	4	10	24	91	67	100		0		91			0
950	4	10	26	91	65	100		0		91			0
942	4	10	28	91	63	100		0		91			0
921	4	10	30	91	61	100		0		91			0
544	6	10	29	91	62	25		0		91			0
924	6	10	30	91	61	100		0		91			0
242	7	10	22	91	69	1		0		91			0
694	7	10	23	91	68	25		0		91			0
186	7	10	25	91	66	1		0		91			0
734	7	10	27	91	64	50		0		91			0
99	7	10	29	91	62	1		0		91			0
390	7	10	30	91	61	10		0		91			0
8	6	10	20	91	72	1		0		92			0
207	0	10	21	91	71	1		0		92			0
401	6	10	21	91	71	10		0		92			0
954	6	10	21	91	71	100		0		92			0
862	0	10	22	91	70	50		0		92			0
984	6	10	22	91	70	100		0		92			0
638	6	10	23	91	69	25		0		92			0
786	0	10	24	91	68	50		0		92			0
524	2	10	24	91	68	25		0		92			0
901	6	10	24	91	68	50		0		92			0
525	0	10	25	91	67	25		0		92			0
582	6	10	25	91	67	25		0		92			0
845	6	10	25	91	67	50		0		92			0
495	6	10	26	91	66	25		0		92			0
234	0	10	27	91	65	1		0		92			0
324	2	10	27	91	65	10		0		92			0
187	0	10	28	91	64	1		0		92			0
874	0	10	28	91	64	50		0		92			0
343	0	10	29	91	63	10		0		92			0
471	2	10	29	91	63	10		0		92			0
594	0	10	30	91	62	25		0		92			0
134	4	10	20	91	72	1		0		92			0
230	4	10	21	91	71	1		0		92			0
33	4	10	23	91	69	1		0		92			0
891	4	10	24	91	68	50		0		92			0
952	4	10	24	91	68	100		0		92			0
395	4	10	26	91	66	10		0		92			0
887	4	10	27	91	65	50		0		92			0
817	4	10	28	91	64	50		0		92			0
934	4	10	28	91	64	100		0		92			0
792	4	10	29	91	63	50		0		92			0
363	4	10	30	91	62	10		0		92			0
1013	6	10	28	91	64	100		0		92			0
626	6	10	29	91	63	25		0		92			0
300	6	10	30	91	62	10		0		92			0
496	7	10	21	91	71	25		0		92			0
108	7	10	22	91	70	1		0		92			0
612	7	10	22	91	70	25		0		92			0
548	7	10	23	91	69	25		0		92			0
249	7	10	24	91	68	10		0		92			0
935	7	10	24	91	68	100		0		92			0
338	7	10	26	91	66	10		0		92			0
948	7	10	26	91	66	100		0		92			0
239	7	10	27	91	65	1		0		92			0
972	7	10	27	91	65	100		0		92			0
69	7	10	29	91	63	1		0		92			0
751	7	10	29	91	63	50		0		92			0
193	7	10	30	91	62	1		0		92			0
752	0	10	22	92	65	50		0		87			0
834	0	10	24	92	64	50		0		88			0
628	7	10	24	92	64	25		0		88			0
434	6	10	25	92	64	10		0		89			0
975	4	10	27	92	62	100		0		89			0
897	7	10	27	92	62	50		0		89			0
923	6	10	22	92	68	100		0		90			0
296	6	10	26	92	64	10		0		90			0
213	4	10	20	92	70	1		0		90			0
990	4	10	28	92	62	100		0		90			0
492	7	10	22	92	68	25		0		90			0
103	7	10	29	92	61	1		0		90			0
493	0	10	21	92	70	25		0		91			0
707	6	10	23	92	68	50		0		91			0
927	6	10	24	92	67	100		0		91			0
47	0	10	27	92	64	1		0		91			0
902	0	10	29	92	62	50		0		91			0
850	4	10	22	92	69	50		0		91			0
172	4	10	25	92	66	1		0		91			0
987	4	10	29	92	62	100		0		91			0
45	6	10	30	92	61	1		0		91			0
224	7	10	23	92	68	1		0		91			0
156	7	10	27	92	64	1		0		91			0
877	7	10	29	92	62	50		0		91			0
385	6	10	20	92	72	10		0		92			0
423	6	10	21	92	71	10		0		92			0
588	6	10	22	92	70	25		0		92			0
969	6	10	23	92	69	100		0		92			0
731	6	10	24	92	68	50		0		92			0
529	0	10	25	92	67	25		0		92			0
62	0	10	26	92	66	1		0		92			0
371	0	10	27	92	65	10		0		92			0
418	0	10	28	92	64	10		0		92			0
306	2	10	29	92	63	10		0		92			0
61	2	10	30	92	62	1		0		92			0
781	4	10	21	92	71	50		0		92			0
913	4	10	24	92	68	50		0		92			0
6	4	10	27	92	65	1		0		92			0
915	4	10	28	92	64	50		0		92			0
175	4	10	30	92	62	1		0		92			0
81	6	10	29	92	63	1		0		92			0
813	6	10	30	92	62	50		0		92			0
180	7	10	22	92	70	1		0		92			0
117	7	10	24	92	68	1		0		92			0
183	7	10	26	92	66	1		0		92			0
201	7	10	27	92	65	1		0		92			0
311	7	10	28	92	64	10		0		92			0
914	7	10	29	92	63	50		0		92			0
8	6	10	20	92	73	1		0		93			0
207	0	10	21	92	72	1		0		93			0
622	6	10	21	92	72	25		0		93			0
954	6	10	21	92	72	100		0		93			0
984	6	10	22	92	71	100		0		93			0
638	6	10	23	92	70	25		0		93			0
572	0	10	24	92	69	25		0		93			0
786	0	10	24	92	69	50		0		93			0
533	2	10	24	92	69	25		0		93			0
154	0	10	25	92	68	1		0		93			0
50	6	10	25	92	68	1		0		93			0
845	6	10	25	92	68	50		0		93			0
495	6	10	26	92	67	25		0		93			0
84	2	10	27	92	66	1		0		93			0
531	2	10	27	92	66	25		0		93			0
970	2	10	27	92	66	100		0		93			0
874	0	10	28	92	65	50		0		93			0
343	0	10	29	92	64	10		0		93			0
772	2	10	29	92	64	50		0		93			0
594	0	10	30	92	63	25		0		93			0
134	4	10	20	92	73	1		0		93			0
230	4	10	21	92	72	1		0		93			0
608	4	10	23	92	70	25		0		93			0
166	4	10	24	92	69	1		0		93			0
936	4	10	24	92	69	100		0		93			0
395	4	10	26	92	67	10		0		93			0
887	4	10	27	92	66	50		0		93			0
817	4	10	28	92	65	50		0		93			0
942	4	10	28	92	65	100		0		93			0
363	4	10	30	92	63	10		0		93			0
178	6	10	27	92	66	1		0		93			0
470	6	10	27	92	66	10		0		93			0
1013	6	10	28	92	65	100		0		93			0
626	6	10	29	92	64	25		0		93			0
924	6	10	30	92	63	100		0		93			0
496	7	10	21	92	72	25		0		93			0
242	7	10	22	92	71	1		0		93			0
548	7	10	23	92	70	25		0		93			0
249	7	10	24	92	69	10		0		93			0
569	7	10	24	92	69	25		0		93			0
186	7	10	25	92	68	1		0		93			0
948	7	10	26	92	67	100		0		93			0
734	7	10	27	92	66	50		0		93			0
972	7	10	27	92	66	100		0		93			0
99	7	10	29	92	64	1		0		93			0
193	7	10	30	92	63	1		0		93			0
514	7	10	30	92	63	25		0		93			0
971	7	10	30	92	63	100		0		93			0
474	7	10	20	93	67	10		0		87			0
795	6	10	21	93	68	50		0		89			0
227	7	10	21	93	68	1		0		89			0
904	6	10	24	93	66	50		0		90			0
86	4	10	25	93	65	1		0		90			0
980	7	10	25	93	65	100		0		90			0
456	6	10	22	93	69	10		0		91			0
542	6	10	25	93	66	25		0		91			0
1021	2	10	30	93	61	500		0		91			0
314	4	10	28	93	63	10		0		91			0
41	7	10	22	93	69	1		0		91			0
995	7	10	27	93	64	100		0		91			0
421	0	10	21	93	71	10		0		92			0
505	6	10	23	93	69	25		0		92			0
71	0	10	25	93	67	1		0		92			0
717	6	10	26	93	66	50		0		92			0
790	2	10	28	93	64	50		0		92			0
235	4	10	20	93	72	1		0		92			0
967	4	10	24	93	68	100		0		92			0
37	4	10	29	93	63	1		0		92			0
696	6	10	29	93	63	25		0		92			0
686	7	10	22	93	70	25		0		92			0
814	7	10	26	93	66	50		0		92			0
219	7	10	29	93	63	1		0		92			0
476	6	10	20	93	73	10		0		93			0
782	6	10	21	93	72	50		0		93			0
285	0	10	23	93	70	10		0		93			0
655	0	10	24	93	69	25		0		93			0
901	6	10	24	93	69	50		0		93			0
582	6	10	25	93	68	25		0		93			0
234	0	10	27	93	66	1		0		93			0
730	2	10	27	93	66	50		0		93			0
209	2	10	28	93	65	1		0		93			0
922	2	10	29	93	64	100		0		93			0
944	4	10	20	93	73	100		0		93			0
926	4	10	23	93	70	100		0		93			0
952	4	10	24	93	69	100		0		93			0
953	4	10	27	93	66	100		0		93			0
792	4	10	29	93	64	50		0		93			0
436	6	10	27	93	66	10		0		93			0
544	6	10	29	93	64	25		0		93			0
958	6	10	30	93	63	100		0		93			0
612	7	10	22	93	71	25		0		93			0
342	7	10	24	93	69	10		0		93			0
338	7	10	26	93	67	10		0		93			0
749	7	10	27	93	66	50		0		93			0
751	7	10	29	93	64	50		0		93			0
940	7	10	30	93	63	100		0		93			0
715	4	10	24	94	64	50		0		88			0
266	0	10	21	94	69	10		0		90			0
684	6	10	29	94	61	25		0		90			0
36	2	10	24	94	67	1		0		91			0
769	4	10	24	94	67	50		0		91			0
651	7	10	24	94	67	25		0		91			0
251	0	10	22	94	70	10		0		92			0
822	6	10	25	94	67	50		0		92			0
123	0	10	30	94	62	1		0		92			0
521	4	10	28	94	64	25		0		92			0
589	7	10	21	94	71	25		0		92			0
938	7	10	27	94	65	100		0		92			0
401	6	10	21	94	72	10		0		93			0
568	0	10	24	94	69	25		0		93			0
525	0	10	25	94	68	25		0		93			0
324	2	10	27	94	66	10		0		93			0
471	2	10	29	94	64	10		0		93			0
33	4	10	23	94	70	1		0		93			0
950	4	10	26	94	67	100		0		93			0
921	4	10	30	94	63	100		0		93			0
300	6	10	30	94	63	10		0		93			0
694	7	10	23	94	70	25		0		93			0
239	7	10	27	94	66	1		0		93			0
390	7	10	30	94	63	10		0		93			0
1022	2	10	29	95	60	500		0		89			0
659	0	10	20	95	71	25		0		91			0
260	6	10	28	95	63	10		0		91			0
475	2	10	24	95	68	10		0		92			0
619	4	10	24	95	68	25		0		92			0
833	7	10	24	95	68	50		0		92			0
862	0	10	22	95	71	50		0		93			0
122	0	10	26	95	67	1		0		93			0
839	0	10	30	95	63	50		0		93			0
934	4	10	28	95	65	100		0		93			0
108	7	10	22	95	71	1		0		93			0
69	7	10	29	95	64	1		0		93			0
333	0	10	29	96	61	10		0		90			0
523	0	10	20	96	72	25		0		92			0
701	6	10	27	96	65	25		0		92			0
524	2	10	24	96	69	25		0		93			0
891	4	10	24	96	69	50		0		93			0
935	7	10	24	96	69	100		0		93			0
270	0	10	28	97	63	10		0		91			0
518	0	10	20	97	73	25		0		93			0
522	6	10	27	97	66	25		0		93			0
932	2	10	27	98	65	100		0		92			0
187	0	10	28	99	65	1		0		93			0
518	0	10	20	100	81	25		0		101			0
659	0	10	20	100	81	25		0		101			0
385	6	10	20	100	81	10		0		101			0
207	0	10	21	100	80	1		0		101			0
421	0	10	21	100	80	10		0		101			0
401	6	10	21	100	80	10		0		101			0
622	6	10	21	100	80	25		0		101			0
795	6	10	21	100	80	50		0		101			0
251	0	10	22	100	79	10		0		101			0
862	0	10	22	100	79	50		0		101			0
588	6	10	22	100	79	25		0		101			0
984	6	10	22	100	79	100		0		101			0
505	6	10	23	100	78	25		0		101			0
707	6	10	23	100	78	50		0		101			0
568	0	10	24	100	77	25		0		101			0
655	0	10	24	100	77	25		0		101			0
834	0	10	24	100	77	50		0		101			0
475	2	10	24	100	77	10		0		101			0
533	2	10	24	100	77	25		0		101			0
901	6	10	24	100	77	50		0		101			0
927	6	10	24	100	77	100		0		101			0
154	0	10	25	100	76	1		0		101			0
529	0	10	25	100	76	25		0		101			0
434	6	10	25	100	76	10		0		101			0
582	6	10	25	100	76	25		0		101			0
845	6	10	25	100	76	50		0		101			0
122	0	10	26	100	75	1		0		101			0
495	6	10	26	100	75	25		0		101			0
47	0	10	27	100	74	1		0		101			0
371	0	10	27	100	74	10		0		101			0
324	2	10	27	100	74	10		0		101			0
730	2	10	27	100	74	50		0		101			0
970	2	10	27	100	74	100		0		101			0
270	0	10	28	100	73	10		0		101			0
874	0	10	28	100	73	50		0		101			0
790	2	10	28	100	73	50		0		101			0
343	0	10	29	100	72	10		0		101			0
306	2	10	29	100	72	10		0		101			0
772	2	10	29	100	72	50		0		101			0
1022	2	10	29	100	72	500		0		101			0
594	0	10	30	100	71	25		0		101			0
61	2	10	30	100	71	1		0		101			0
134	4	10	20	100	81	1		0		101			0
235	4	10	20	100	81	1		0		101			0
230	4	10	21	100	80	1		0		101			0
850	4	10	22	100	79	50		0		101			0
608	4	10	23	100	78	25		0		101			0
166	4	10	24	100	77	1		0		101			0
715	4	10	24	100	77	50		0		101			0
891	4	10	24	100	77	50		0		101			0
936	4	10	24	100	77	100		0		101			0
967	4	10	24	100	77	100		0		101			0
172	4	10	25	100	76	1		0		101			0
950	4	10	26	100	75	100		0		101			0
887	4	10	27	100	74	50		0		101			0
975	4	10	27	100	74	100		0		101			0
521	4	10	28	100	73	25		0		101			0
915	4	10	28	100	73	50		0		101			0
942	4	10	28	100	73	100		0		101			0
37	4	10	29	100	72	1		0		101			0
987	4	10	29	100	72	100		0		101			0
363	4	10	30	100	71	10		0		101			0
178	6	10	27	100	74	1		0		101			0
470	6	10	27	100	74	10		0		101			0
701	6	10	27	100	74	25		0		101			0
1013	6	10	28	100	73	100		0		101			0
544	6	10	29	100	72	25		0		101			0
684	6	10	29	100	72	25		0		101			0
45	6	10	30	100	71	1		0		101			0
813	6	10	30	100	71	50		0		101			0
958	6	10	30	100	71	100		0		101			0
227	7	10	21	100	80	1		0		101			0
589	7	10	21	100	80	25		0		101			0
108	7	10	22	100	79	1		0		101			0
242	7	10	22	100	79	1		0		101			0
612	7	10	22	100	79	25		0		101			0
224	7	10	23	100	78	1		0		101			0
694	7	10	23	100	78	25		0		101			0
249	7	10	24	100	77	10		0		101			0
569	7	10	24	100	77	25		0		101			0
651	7	10	24	100	77	25		0		101			0
935	7	10	24	100	77	100		0		101			0
980	7	10	25	100	76	100		0		101			0
338	7	10	26	100	75	10		0		101			0
948	7	10	26	100	75	100		0		101			0
201	7	10	27	100	74	1		0		101			0
734	7	10	27	100	74	50		0		101			0
897	7	10	27	100	74	50		0		101			0
972	7	10	27	100	74	100		0		101			0
311	7	10	28	100	73	10		0		101			0
99	7	10	29	100	72	1		0		101			0
219	7	10	29	100	72	1		0		101			0
877	7	10	29	100	72	50		0		101			0
193	7	10	30	100	71	1		0		101			0
514	7	10	30	100	71	25		0		101			0
971	7	10	30	100	71	100		0		101			0
523	0	10	20	101	81	25		0		101			0
476	6	10	20	101	81	10		0		101			0
493	0	10	21	101	80	25		0		101			0
782	6	10	21	101	80	50		0		101			0
752	0	10	22	101	79	50		0		101			0
923	6	10	22	101	79	100		0		101			0
638	6	10	23	101	78	25		0		101			0
572	0	10	24	101	77	25		0		101			0
36	2	10	24	101	77	1		0		101			0
731	6	10	24	101	77	50		0		101			0
71	0	10	25	101	76	1		0		101			0
50	6	10	25	101	76	1		0		101			0
822	6	10	25	101	76	50		0		101			0
296	6	10	26	101	75	10		0		101			0
234	0	10	27	101	74	1		0		101			0
531	2	10	27	101	74	25		0		101			0
187	0	10	28	101	73	1		0		101			0
209	2	10	28	101	73	1		0		101			0
902	0	10	29	101	72	50		0		101			0
922	2	10	29	101	72	100		0		101			0
839	0	10	30	101	71	50		0		101			0
213	4	10	20	101	81	1		0		101			0
781	4	10	21	101	80	50		0		101			0
926	4	10	23	101	78	100		0		101			0
769	4	10	24	101	77	50		0		101			0
952	4	10	24	101	77	100		0		101			0
395	4	10	26	101	75	10		0		101			0
953	4	10	27	101	74	100		0		101			0
817	4	10	28	101	73	50		0		101			0
990	4	10	28	101	73	100		0		101			0
175	4	10	30	101	71	1		0		101			0
436	6	10	27	101	74	10		0		101			0
260	6	10	28	101	73	10		0		101			0
626	6	10	29	101	72	25		0		101			0
300	6	10	30	101	71	10		0		101			0
474	7	10	20	101	81	10		0		101			0
41	7	10	22	101	79	1		0		101			0
492	7	10	22	101	79	25		0		101			0
548	7	10	23	101	78	25		0		101			0
342	7	10	24	101	77	10		0		101			0
833	7	10	24	101	77	50		0		101			0
183	7	10	26	101	75	1		0		101			0
156	7	10	27	101	74	1		0		101			0
749	7	10	27	101	74	50		0		101			0
995	7	10	27	101	74	100		0		101			0
103	7	10	29	101	72	1		0		101			0
914	7	10	29	101	72	50		0		101			0
940	7	10	30	101	71	100		0		101			0
8	6	10	20	102	81	1		0		101			0
423	6	10	21	102	80	10		0		101			0
456	6	10	22	102	79	10		0		101			0
969	6	10	23	102	78	100		0		101			0
524	2	10	24	102	77	25		0		101			0
525	0	10	25	102	76	25		0		101			0
62	0	10	26	102	75	1		0		101			0
84	2	10	27	102	74	1		0		101			0
418	0	10	28	102	73	10		0		101			0
471	2	10	29	102	72	10		0		101			0
1021	2	10	30	102	71	500		0		101			0
33	4	10	23	102	78	1		0		101			0
913	4	10	24	102	77	50		0		101			0
6	4	10	27	102	74	1		0		101			0
934	4	10	28	102	73	100		0		101			0
921	4	10	30	102	71	100		0		101			0
81	6	10	29	102	72	1		0		101			0
924	6	10	30	102	71	100		0		101			0
180	7	10	22	102	79	1		0		101			0
117	7	10	24	102	77	1		0		101			0
186	7	10	25	102	76	1		0		101			0
239	7	10	27	102	74	1		0		101			0
69	7	10	29	102	72	1		0		101			0
390	7	10	30	102	71	10		0		101			0
523	0	10	20	102	83	25		0		103			0
385	6	10	20	102	83	10		0		103			0
207	0	10	21	102	82	1		0		103			0
493	0	10	21	102	82	25		0		103			0
622	6	10	21	102	82	25		0		103			0
795	6	10	21	102	82	50		0		103			0
752	0	10	22	102	81	50		0		103			0
588	6	10	22	102	81	25		0		103			0
984	6	10	22	102	81	100		0		103			0
638	6	10	23	102	80	25		0		103			0
568	0	10	24	102	79	25		0		103			0
655	0	10	24	102	79	25		0		103			0
36	2	10	24	102	79	1		0		103			0
533	2	10	24	102	79	25		0		103			0
901	6	10	24	102	79	50		0		103			0
71	0	10	25	102	78	1		0		103			0
529	0	10	25	102	78	25		0		103			0
434	6	10	25	102	78	10		0		103			0
822	6	10	25	102	78	50		0		103			0
122	0	10	26	102	77	1		0		103			0
495	6	10	26	102	77	25		0		103			0
234	0	10	27	102	76	1		0		103			0
324	2	10	27	102	76	10		0		103			0
730	2	10	27	102	76	50		0		103			0
187	0	10	28	102	75	1		0		103			0
874	0	10	28	102	75	50		0		103			0
790	2	10	28	102	75	50		0		103			0
902	0	10	29	102	74	50		0		103			0
772	2	10	29	102	74	50		0		103			0
1022	2	10	29	102	74	500		0		103			0
839	0	10	30	102	73	50		0		103			0
134	4	10	20	102	83	1		0		103			0
235	4	10	20	102	83	1		0		103			0
781	4	10	21	102	82	50		0		103			0
608	4	10	23	102	80	25		0		103			0
166	4	10	24	102	79	1		0		103			0
769	4	10	24	102	79	50		0		103			0
936	4	10	24	102	79	100		0		103			0
967	4	10	24	102	79	100		0		103			0
395	4	10	26	102	77	10		0		103			0
887	4	10	27	102	76	50		0		103			0
975	4	10	27	102	76	100		0		103			0
817	4	10	28	102	75	50		0		103			0
942	4	10	28	102	75	100		0		103			0
37	4	10	29	102	74	1		0		103			0
175	4	10	30	102	73	1		0		103			0
178	6	10	27	102	76	1		0		103			0
470	6	10	27	102	76	10		0		103			0
260	6	10	28	102	75	10		0		103			0
544	6	10	29	102	74	25		0		103			0
684	6	10	29	102	74	25		0		103			0
300	6	10	30	102	73	10		0		103			0
958	6	10	30	102	73	100		0		103			0
227	7	10	21	102	82	1		0		103			0
41	7	10	22	102	81	1		0		103			0
242	7	10	22	102	81	1		0		103			0
612	7	10	22	102	81	25		0		103			0
548	7	10	23	102	80	25		0		103			0
249	7	10	24	102	79	10		0		103			0
569	7	10	24	102	79	25		0		103			0
833	7	10	24	102	79	50		0		103			0
980	7	10	25	102	78	100		0		103			0
338	7	10	26	102	77	10		0		103			0
156	7	10	27	102	76	1		0		103			0
734	7	10	27	102	76	50		0		103			0
897	7	10	27	102	76	50		0		103			0
995	7	10	27	102	76	100		0		103			0
99	7	10	29	102	74	1		0		103			0
219	7	10	29	102	74	1		0		103			0
914	7	10	29	102	74	50		0		103			0
514	7	10	30	102	73	25		0		103			0
971	7	10	30	102	73	100		0		103			0
266	0	10	21	103	80	10		0		101			0
285	0	10	23	103	78	10		0		101			0
904	6	10	24	103	77	50		0		101			0
717	6	10	26	103	75	50		0		101			0
333	0	10	29	103	72	10		0		101			0
944	4	10	20	103	81	100		0		101			0
86	4	10	25	103	76	1		0		101			0
792	4	10	29	103	72	50		0		101			0
696	6	10	29	103	72	25		0		101			0
686	7	10	22	103	79	25		0		101			0
814	7	10	26	103	75	50		0		101			0
751	7	10	29	103	72	50		0		101			0
659	0	10	20	103	83	25		0		103			0
421	0	10	21	103	82	10		0		103			0
782	6	10	21	103	82	50		0		103			0
862	0	10	22	103	81	50		0		103			0
505	6	10	23	103	80	25		0		103			0
572	0	10	24	103	79	25		0		103			0
475	2	10	24	103	79	10		0		103			0
927	6	10	24	103	79	100		0		103			0
50	6	10	25	103	78	1		0		103			0
845	6	10	25	103	78	50		0		103			0
47	0	10	27	103	76	1		0		103			0
531	2	10	27	103	76	25		0		103			0
270	0	10	28	103	75	10		0		103			0
343	0	10	29	103	74	10		0		103			0
922	2	10	29	103	74	100		0		103			0
61	2	10	30	103	73	1		0		103			0
230	4	10	21	103	82	1		0		103			0
926	4	10	23	103	80	100		0		103			0
891	4	10	24	103	79	50		0		103			0
172	4	10	25	103	78	1		0		103			0
953	4	10	27	103	76	100		0		103			0
915	4	10	28	103	75	50		0		103			0
987	4	10	29	103	74	100		0		103			0
436	6	10	27	103	76	10		0		103			0
1013	6	10	28	103	75	100		0		103			0
45	6	10	30	103	73	1		0		103			0
474	7	10	20	103	83	10		0		103			0
108	7	10	22	103	81	1		0		103			0
224	7	10	23	103	80	1		0		103			0
342	7	10	24	103	79	10		0		103			0
935	7	10	24	103	79	100		0		103			0
948	7	10	26	103	77	100		0		103			0
749	7	10	27	103	76	50		0		103			0
311	7	10	28	103	75	10		0		103			0
877	7	10	29	103	74	50		0		103			0
940	7	10	30	103	73	100		0		103			0
8	6	10	20	103	84	1		0		104			0
207	0	10	21	103	83	1		0		104			0
423	6	10	21	103	83	10		0		104			0
795	6	10	21	103	83	50		0		104			0
456	6	10	22	103	82	10		0		104			0
984	6	10	22	103	82	100		0		104			0
969	6	10	23	103	81	100		0		104			0
655	0	10	24	103	80	25		0		104			0
524	2	10	24	103	80	25		0		104			0
901	6	10	24	103	80	50		0		104			0
525	0	10	25	103	79	25		0		104			0
434	6	10	25	103	79	10		0		104			0
62	0	10	26	103	78	1		0		104			0
495	6	10	26	103	78	25		0		104			0
84	2	10	27	103	77	1		0		104			0
730	2	10	27	103	77	50		0		104			0
418	0	10	28	103	76	10		0		104			0
790	2	10	28	103	76	50		0		104			0
471	2	10	29	103	75	10		0		104			0
1022	2	10	29	103	75	500		0		104			0
1021	2	10	30	103	74	500		0		104			0
235	4	10	20	103	84	1		0		104			0
33	4	10	23	103	81	1		0		104			0
166	4	10	24	103	80	1		0		104			0
913	4	10	24	103	80	50		0		104			0
967	4	10	24	103	80	100		0		104			0
6	4	10	27	103	77	1		0		104			0
975	4	10	27	103	77	100		0		104			0
934	4	10	28	103	76	100		0		104			0
37	4	10	29	103	75	1		0		104			0
921	4	10	30	103	74	100		0		104			0
470	6	10	27	103	77	10		0		104			0
81	6	10	29	103	75	1		0		104			0
684	6	10	29	103	75	25		0		104			0
924	6	10	30	103	74	100		0		104			0
227	7	10	21	103	83	1		0		104			0
180	7	10	22	103	82	1		0		104			0
612	7	10	22	103	82	25		0		104			0
117	7	10	24	103	80	1		0		104			0
569	7	10	24	103	80	25		0		104			0
186	7	10	25	103	79	1		0		104			0
338	7	10	26	103	78	10		0		104			0
239	7	10	27	103	77	1		0		104			0
897	7	10	27	103	77	50		0		104			0
69	7	10	29	103	75	1		0		104			0
219	7	10	29	103	75	1		0		104			0
390	7	10	30	103	74	10		0		104			0
971	7	10	30	103	74	100		0		104			0
954	6	10	21	104	80	100		0		101			0
542	6	10	25	104	76	25		0		101			0
123	0	10	30	104	71	1		0		101			0
314	4	10	28	104	73	10		0		101			0
496	7	10	21	104	80	25		0		101			0
938	7	10	27	104	74	100		0		101			0
476	6	10	20	104	83	10		0		103			0
251	0	10	22	104	81	10		0		103			0
707	6	10	23	104	80	50		0		103			0
731	6	10	24	104	79	50		0		103			0
582	6	10	25	104	78	25		0		103			0
371	0	10	27	104	76	10		0		103			0
209	2	10	28	104	75	1		0		103			0
594	0	10	30	104	73	25		0		103			0
850	4	10	22	104	81	50		0		103			0
952	4	10	24	104	79	100		0		103			0
521	4	10	28	104	75	25		0		103			0
363	4	10	30	104	73	10		0		103			0
626	6	10	29	104	74	25		0		103			0
589	7	10	21	104	82	25		0		103			0
694	7	10	23	104	80	25		0		103			0
183	7	10	26	104	77	1		0		103			0
972	7	10	27	104	76	100		0		103			0
193	7	10	30	104	73	1		0		103			0
385	6	10	20	104	84	10		0		104			0
622	6	10	21	104	83	25		0		104			0
588	6	10	22	104	82	25		0		104			0
568	0	10	24	104	80	25		0		104			0
533	2	10	24	104	80	25		0		104			0
529	0	10	25	104	79	25		0		104			0
122	0	10	26	104	78	1		0		104			0
324	2	10	27	104	77	10		0		104			0
874	0	10	28	104	76	50		0		104			0
772	2	10	29	104	75	50		0		104			0
134	4	10	20	104	84	1		0		104			0
608	4	10	23	104	81	25		0		104			0
936	4	10	24	104	80	100		0		104			0
887	4	10	27	104	77	50		0		104			0
942	4	10	28	104	76	100		0		104			0
178	6	10	27	104	77	1		0		104			0
544	6	10	29	104	75	25		0		104			0
958	6	10	30	104	74	100		0		104			0
242	7	10	22	104	82	1		0		104			0
249	7	10	24	104	80	10		0		104			0
980	7	10	25	104	79	100		0		104			0
734	7	10	27	104	77	50		0		104			0
99	7	10	29	104	75	1		0		104			0
514	7	10	30	104	74	25		0		104			0
8	6	10	20	104	85	1		0		105			0
266	0	10	21	104	84	10		0		105			0
423	6	10	21	104	84	10		0		105			0
795	6	10	21	104	84	50		0		105			0
456	6	10	22	104	83	10		0		105			0
285	0	10	23	104	82	10		0		105			0
969	6	10	23	104	82	100		0		105			0
655	0	10	24	104	81	25		0		105			0
524	2	10	24	104	81	25		0		105			0
904	6	10	24	104	81	50		0		105			0
525	0	10	25	104	80	25		0		105			0
434	6	10	25	104	80	10		0		105			0
62	0	10	26	104	79	1		0		105			0
717	6	10	26	104	79	50		0		105			0
84	2	10	27	104	78	1		0		105			0
730	2	10	27	104	78	50		0		105			0
418	0	10	28	104	77	10		0		105			0
333	0	10	29	104	76	10		0		105			0
471	2	10	29	104	76	10		0		105			0
1022	2	10	29	104	76	500		0		105			0
1021	2	10	30	104	75	500		0		105			0
944	4	10	20	104	85	100		0		105			0
33	4	10	23	104	82	1		0		105			0
166	4	10	24	104	81	1		0		105			0
913	4	10	24	104	81	50		0		105			0
86	4	10	25	104	80	1		0		105			0
6	4	10	27	104	78	1		0		105			0
975	4	10	27	104	78	100		0		105			0
934	4	10	28	104	77	100		0		105			0
792	4	10	29	104	76	50		0		105			0
921	4	10	30	104	75	100		0		105			0
470	6	10	27	104	78	10		0		105			0
81	6	10	29	104	76	1		0		105			0
696	6	10	29	104	76	25		0		105			0
924	6	10	30	104	75	100		0		105			0
227	7	10	21	104	84	1		0		105			0
180	7	10	22	104	83	1		0		105			0
686	7	10	22	104	83	25		0		105			0
117	7	10	24	104	81	1		0		105			0
569	7	10	24	104	81	25		0		105			0
186	7	10	25	104	80	1		0		105			0
814	7	10	26	104	79	50		0		105			0
239	7	10	27	104	78	1		0		105			0
897	7	10	27	104	78	50		0		105			0
69	7	10	29	104	76	1		0		105			0
751	7	10	29	104	76	50		0		105			0
390	7	10	30	104	75	10		0		105			0
971	7	10	30	104	75	100		0		105			0
786	0	10	24	105	77	50		0		101			0
619	4	10	24	105	77	25		0		101			0
628	7	10	24	105	77	25		0		101			0
401	6	10	21	105	82	10		0		103			0
834	0	10	24	105	79	50		0		103			0
296	6	10	26	105	77	10		0		103			0
306	2	10	29	105	74	10		0		103			0
715	4	10	24	105	79	50		0		103			0
990	4	10	28	105	75	100		0		103			0
813	6	10	30	105	73	50		0		103			0
651	7	10	24	105	79	25		0		103			0
103	7	10	29	105	74	1		0		103			0
493	0	10	21	105	83	25		0		104			0
638	6	10	23	105	81	25		0		104			0
71	0	10	25	105	79	1		0		104			0
234	0	10	27	105	77	1		0		104			0
902	0	10	29	105	75	50		0		104			0
781	4	10	21	105	83	50		0		104			0
395	4	10	26	105	78	10		0		104			0
175	4	10	30	105	74	1		0		104			0
300	6	10	30	105	74	10		0		104			0
548	7	10	23	105	81	25		0		104			0
156	7	10	27	105	77	1		0		104			0
914	7	10	29	105	75	50		0		104			0
207	0	10	21	105	84	1		0		105			0
782	6	10	21	105	84	50		0		105			0
984	6	10	22	105	83	100		0		105			0
572	0	10	24	105	81	25		0		105			0
901	6	10	24	105	81	50		0		105			0
50	6	10	25	105	80	1		0		105			0
495	6	10	26	105	79	25		0		105			0
531	2	10	27	105	78	25		0		105			0
790	2	10	28	105	77	50		0		105			0
922	2	10	29	105	76	100		0		105			0
235	4	10	20	105	85	1		0		105			0
926	4	10	23	105	82	100		0		105			0
967	4	10	24	105	81	100		0		105			0
953	4	10	27	105	78	100		0		105			0
37	4	10	29	105	76	1		0		105			0
436	6	10	27	105	78	10		0		105			0
684	6	10	29	105	76	25		0		105			0
474	7	10	20	105	85	10		0		105			0
612	7	10	22	105	83	25		0		105			0
342	7	10	24	105	81	10		0		105			0
338	7	10	26	105	79	10		0		105			0
749	7	10	27	105	78	50		0		105			0
219	7	10	29	105	76	1		0		105			0
940	7	10	30	105	75	100		0		105			0
385	6	10	20	105	86	10		0		106			0
266	0	10	21	105	85	10		0		106			0
622	6	10	21	105	85	25		0		106			0
954	6	10	21	105	85	100		0		106			0
456	6	10	22	105	84	10		0		106			0
285	0	10	23	105	83	10		0		106			0
969	6	10	23	105	83	100		0		106			0
655	0	10	24	105	82	25		0		106			0
533	2	10	24	105	82	25		0		106			0
904	6	10	24	105	82	50		0		106			0
529	0	10	25	105	81	25		0		106			0
542	6	10	25	105	81	25		0		106			0
62	0	10	26	105	80	1		0		106			0
717	6	10	26	105	80	50		0		106			0
84	2	10	27	105	79	1		0		106			0
730	2	10	27	105	79	50		0		106			0
874	0	10	28	105	78	50		0		106			0
333	0	10	29	105	77	10		0		106			0
772	2	10	29	105	77	50		0		106			0
123	0	10	30	105	76	1		0		106			0
1021	2	10	30	105	76	500		0		106			0
944	4	10	20	105	86	100		0		106			0
33	4	10	23	105	83	1		0		106			0
166	4	10	24	105	82	1		0		106			0
936	4	10	24	105	82	100		0		106			0
86	4	10	25	105	81	1		0		106			0
887	4	10	27	105	79	50		0		106			0
314	4	10	28	105	78	10		0		106			0
934	4	10	28	105	78	100		0		106			0
792	4	10	29	105	77	50		0		106			0
921	4	10	30	105	76	100		0		106			0
470	6	10	27	105	79	10		0		106			0
544	6	10	29	105	77	25		0		106			0
696	6	10	29	105	77	25		0		106			0
958	6	10	30	105	76	100		0		106			0
496	7	10	21	105	85	25		0		106			0
180	7	10	22	105	84	1		0		106			0
686	7	10	22	105	84	25		0		106			0
117	7	10	24	105	82	1		0		106			0
569	7	10	24	105	82	25		0		106			0
980	7	10	25	105	81	100		0		106			0
814	7	10	26	105	80	50		0		106			0
734	7	10	27	105	79	50		0		106			0
938	7	10	27	105	79	100		0		106			0
69	7	10	29	105	77	1		0		106			0
751	7	10	29	105	77	50		0		106			0
390	7	10	30	105	76	10		0		106			0
971	7	10	30	105	76	100		0		106			0
932	2	10	27	106	74	100		0		101			0
518	0	10	20	106	83	25		0		103			0
154	0	10	25	106	78	1		0		103			0
213	4	10	20	106	83	1		0		103			0
701	6	10	27	106	76	25		0		103			0
201	7	10	27	106	76	1		0		103			0
752	0	10	22	106	82	50		0		104			0
822	6	10	25	106	79	50		0		104			0
839	0	10	30	106	74	50		0		104			0
817	4	10	28	106	76	50		0		104			0
41	7	10	22	106	82	1		0		104			0
995	7	10	27	106	77	100		0		104			0
421	0	10	21	106	84	10		0		105			0
505	6	10	23	106	82	25		0		105			0
927	6	10	24	106	81	100		0		105			0
47	0	10	27	106	78	1		0		105			0
343	0	10	29	106	76	10		0		105			0
230	4	10	21	106	84	1		0		105			0
172	4	10	25	106	80	1		0		105			0
987	4	10	29	106	76	100		0		105			0
45	6	10	30	106	75	1		0		105			0
224	7	10	23	106	82	1		0		105			0
948	7	10	26	106	79	100		0		105			0
877	7	10	29	106	76	50		0		105			0
476	6	10	20	106	86	10		0		106			0
795	6	10	21	106	85	50		0		106			0
588	6	10	22	106	84	25		0		106			0
568	0	10	24	106	82	25		0		106			0
731	6	10	24	106	82	50		0		106			0
434	6	10	25	106	81	10		0		106			0
122	0	10	26	106	80	1		0		106			0
324	2	10	27	106	79	10		0		106			0
209	2	10	28	106	78	1		0		106			0
1022	2	10	29	106	77	500		0		106			0
134	4	10	20	106	86	1		0		106			0
608	4	10	23	106	83	25		0		106			0
952	4	10	24	106	82	100		0		106			0
975	4	10	27	106	79	100		0		106			0
942	4	10	28	106	78	100		0		106			0
178	6	10	27	106	79	1		0		106			0
626	6	10	29	106	77	25		0		106			0
227	7	10	21	106	85	1		0		106			0
242	7	10	22	106	84	1		0		106			0
249	7	10	24	106	82	10		0		106			0
183	7	10	26	106	80	1		0		106			0
897	7	10	27	106	79	50		0		106			0
99	7	10	29	106	77	1		0		106			0
514	7	10	30	106	76	25		0		106			0
207	0	10	21	106	86	1		0		107			0
493	0	10	21	106	86	25		0		107			0
622	6	10	21	106	86	25		0		107			0
954	6	10	21	106	86	100		0		107			0
984	6	10	22	106	85	100		0		107			0
638	6	10	23	106	84	25		0		107			0
572	0	10	24	106	83	25		0		107			0
786	0	10	24	106	83	50		0		107			0
533	2	10	24	106	83	25		0		107			0
904	6	10	24	106	83	50		0		107			0
529	0	10	25	106	82	25		0		107			0
542	6	10	25	106	82	25		0		107			0
296	6	10	26	106	81	10		0		107			0
717	6	10	26	106	81	50		0		107			0
84	2	10	27	106	80	1		0		107			0
730	2	10	27	106	80	50		0		107			0
790	2	10	28	106	79	50		0		107			0
902	0	10	29	106	78	50		0		107			0
772	2	10	29	106	78	50		0		107			0
123	0	10	30	106	77	1		0		107			0
235	4	10	20	106	87	1		0		107			0
781	4	10	21	106	86	50		0		107			0
926	4	10	23	106	84	100		0		107			0
619	4	10	24	106	83	25		0		107			0
936	4	10	24	106	83	100		0		107			0
86	4	10	25	106	82	1		0		107			0
887	4	10	27	106	80	50		0		107			0
314	4	10	28	106	79	10		0		107			0
990	4	10	28	106	79	100		0		107			0
792	4	10	29	106	78	50		0		107			0
921	4	10	30	106	77	100		0		107			0
470	6	10	27	106	80	10		0		107			0
684	6	10	29	106	78	25		0		107			0
300	6	10	30	106	77	10		0		107			0
958	6	10	30	106	77	100		0		107			0
496	7	10	21	106	86	25		0		107			0
612	7	10	22	106	85	25		0		107			0
548	7	10	23	106	84	25		0		107			0
342	7	10	24	106	83	10		0		107			0
628	7	10	24	106	83	25		0		107			0
980	7	10	25	106	82	100		0		107			0
814	7	10	26	106	81	50		0		107			0
734	7	10	27	106	80	50		0		107			0
938	7	10	27	106	80	100		0		107			0
103	7	10	29	106	78	1		0		107			0
751	7	10	29	106	78	50		0		107			0
390	7	10	30	106	77	10		0		107			0
971	7	10	30	106	77	100		0		107			0
522	6	10	27	107	74	25		0		101			0
970	2	10	27	107	76	100		0		103			0
492	7	10	22	107	81	25		0		103			0
36	2	10	24	107	80	1		0		104			0
769	4	10	24	107	80	50		0		104			0
833	7	10	24	107	80	50		0		104			0
862	0	10	22	107	83	50		0		105			0
845	6	10	25	107	80	50		0		105			0
61	2	10	30	107	75	1		0		105			0
915	4	10	28	107	77	50		0		105			0
108	7	10	22	107	83	1		0		105			0
311	7	10	28	107	77	10		0		105			0
423	6	10	21	107	85	10		0		106			0
707	6	10	23	107	83	50		0		106			0
525	0	10	25	107	81	25		0		106			0
371	0	10	27	107	79	10		0		106			0
471	2	10	29	107	77	10		0		106			0
850	4	10	22	107	84	50		0		106			0
6	4	10	27	107	79	1		0		106			0
363	4	10	30	107	76	10		0		106			0
924	6	10	30	107	76	100		0		106			0
694	7	10	23	107	83	25		0		106			0
239	7	10	27	107	79	1		0		106			0
193	7	10	30	107	76	1		0		106			0
266	0	10	21	107	86	10		0		107			0
782	6	10	21	107	86	50		0		107			0
285	0	10	23	107	84	10		0		107			0
655	0	10	24	107	83	25		0		107			0
901	6	10	24	107	83	50		0		107			0
50	6	10	25	107	82	1		0		107			0
495	6	10	26	107	81	25		0		107			0
531	2	10	27	107	80	25		0		107			0
333	0	10	29	107	78	10		0		107			0
922	2	10	29	107	78	100		0		107			0
944	4	10	20	107	87	100		0		107			0
166	4	10	24	107	83	1		0		107			0
967	4	10	24	107	83	100		0		107			0
953	4	10	27	107	80	100		0		107			0
37	4	10	29	107	78	1		0		107			0
436	6	10	27	107	80	10		0		107			0
696	6	10	29	107	78	25		0		107			0
474	7	10	20	107	87	10		0		107			0
686	7	10	22	107	85	25		0		107			0
569	7	10	24	107	83	25		0		107			0
338	7	10	26	107	81	10		0		107			0
749	7	10	27	107	80	50		0		107			0
219	7	10	29	107	78	1		0		107			0
940	7	10	30	107	77	100		0		107			0
476	6	10	20	107	88	10		0		108			0
421	0	10	21	107	87	10		0		108			0
622	6	10	21	107	87	25		0		108			0
954	6	10	21	107	87	100		0		108			0
588	6	10	22	107	86	25		0		108			0
505	6	10	23	107	85	25		0		108			0
568	0	10	24	107	84	25		0		108			0
786	0	10	24	107	84	50		0		108			0
731	6	10	24	107	84	50		0		108			0
927	6	10	24	107	84	100		0		108			0
529	0	10	25	107	83	25		0		108			0
542	6	10	25	107	83	25		0		108			0
122	0	10	26	107	82	1		0		108			0
717	6	10	26	107	82	50		0		108			0
84	2	10	27	107	81	1		0		108			0
730	2	10	27	107	81	50		0		108			0
209	2	10	28	107	80	1		0		108			0
343	0	10	29	107	79	10		0		108			0
772	2	10	29	107	79	50		0		108			0
123	0	10	30	107	78	1		0		108			0
134	4	10	20	107	88	1		0		108			0
235	4	10	20	107	88	1		0		108			0
781	4	10	21	107	87	50		0		108			0
926	4	10	23	107	85	100		0		108			0
936	4	10	24	107	84	100		0		108			0
86	4	10	25	107	83	1		0		108			0
887	4	10	27	107	81	50		0		108			0
314	4	10	28	107	80	10		0		108			0
942	4	10	28	107	80	100		0		108			0
792	4	10	29	107	79	50		0		108			0
921	4	10	30	107	78	100		0		108			0
470	6	10	27	107	81	10		0		108			0
626	6	10	29	107	79	25		0		108			0
45	6	10	30	107	78	1		0		108			0
958	6	10	30	107	78	100		0		108			0
496	7	10	21	107	87	25		0		108			0
242	7	10	22	107	86	1		0		108			0
224	7	10	23	107	85	1		0		108			0
249	7	10	24	107	84	10		0		108			0
628	7	10	24	107	84	25		0		108			0
183	7	10	26	107	82	1		0		108			0
948	7	10	26	107	82	100		0		108			0
734	7	10	27	107	81	50		0		108			0
938	7	10	27	107	81	100		0		108			0
99	7	10	29	107	79	1		0		108			0
751	7	10	29	107	79	50		0		108			0
390	7	10	30	107	78	10		0		108			0
971	7	10	30	107	78	100		0		108			0
923	6	10	22	108	81	100		0		103			0
523	0	10	20	108	84	25		0		104			0
260	6	10	28	108	76	10		0		104			0
475	2	10	24	108	81	10		0		105			0
891	4	10	24	108	81	50		0		105			0
935	7	10	24	108	81	100		0		105			0
251	0	10	22	108	84	10		0		106			0
582	6	10	25	108	81	25		0		106			0
594	0	10	30	108	76	25		0		106			0
521	4	10	28	108	78	25		0		106			0
589	7	10	21	108	85	25		0		106			0
972	7	10	27	108	79	100		0		106			0
401	6	10	21	108	86	10		0		107			0
969	6	10	23	108	84	100		0		107			0
71	0	10	25	108	82	1		0		107			0
234	0	10	27	108	80	1		0		107			0
306	2	10	29	108	78	10		0		107			0
33	4	10	23	108	84	1		0		107			0
395	4	10	26	108	81	10		0		107			0
175	4	10	30	108	77	1		0		107			0
813	6	10	30	108	77	50		0		107			0
117	7	10	24	108	83	1		0		107			0
156	7	10	27	108	80	1		0		107			0
914	7	10	29	108	78	50		0		107			0
207	0	10	21	108	87	1		0		108			0
795	6	10	21	108	87	50		0		108			0
984	6	10	22	108	86	100		0		108			0
572	0	10	24	108	84	25		0		108			0
904	6	10	24	108	84	50		0		108			0
434	6	10	25	108	83	10		0		108			0
296	6	10	26	108	82	10		0		108			0
324	2	10	27	108	81	10		0		108			0
790	2	10	28	108	80	50		0		108			0
1022	2	10	29	108	79	500		0		108			0
213	4	10	20	108	88	1		0		108			0
608	4	10	23	108	85	25		0		108			0
952	4	10	24	108	84	100		0		108			0
975	4	10	27	108	81	100		0		108			0
990	4	10	28	108	80	100		0		108			0
178	6	10	27	108	81	1		0		108			0
684	6	10	29	108	79	25		0		108			0
227	7	10	21	108	87	1		0		108			0
612	7	10	22	108	86	25		0		108			0
342	7	10	24	108	84	10		0		108			0
814	7	10	26	108	82	50		0		108			0
897	7	10	27	108	81	50		0		108			0
103	7	10	29	108	79	1		0		108			0
514	7	10	30	108	78	25		0		108			0
266	0	10	21	108	88	10		0		109			0
423	6	10	21	108	88	10		0		109			0
782	6	10	21	108	88	50		0		109			0
862	0	10	22	108	87	50		0		109			0
285	0	10	23	108	86	10		0		109			0
707	6	10	23	108	86	50		0		109			0
655	0	10	24	108	85	25		0		109			0
36	2	10	24	108	85	1		0		109			0
901	6	10	24	108	85	50		0		109			0
525	0	10	25	108	84	25		0		109			0
50	6	10	25	108	84	1		0		109			0
845	6	10	25	108	84	50		0		109			0
495	6	10	26	108	83	25		0		109			0
371	0	10	27	108	82	10		0		109			0
531	2	10	27	108	82	25		0		109			0
970	2	10	27	108	82	100		0		109			0
333	0	10	29	108	80	10		0		109			0
471	2	10	29	108	80	10		0		109			0
922	2	10	29	108	80	100		0		109			0
61	2	10	30	108	79	1		0		109			0
235	4	10	20	108	89	1		0		109			0
781	4	10	21	108	88	50		0		109			0
926	4	10	23	108	86	100		0		109			0
769	4	10	24	108	85	50		0		109			0
967	4	10	24	108	85	100		0		109			0
6	4	10	27	108	82	1		0		109			0
953	4	10	27	108	82	100		0		109			0
915	4	10	28	108	81	50		0		109			0
37	4	10	29	108	80	1		0		109			0
363	4	10	30	108	79	10		0		109			0
436	6	10	27	108	82	10		0		109			0
522	6	10	27	108	82	25		0		109			0
696	6	10	29	108	80	25		0		109			0
924	6	10	30	108	79	100		0		109			0
474	7	10	20	108	89	10		0		109			0
108	7	10	22	108	87	1		0		109			0
492	7	10	22	108	87	25		0		109			0
224	7	10	23	108	86	1		0		109			0
249	7	10	24	108	85	10		0		109			0
628	7	10	24	108	85	25		0		109			0
183	7	10	26	108	83	1		0		109			0
948	7	10	26	108	83	100		0		109			0
734	7	10	27	108	82	50		0		109			0
938	7	10	27	108	82	100		0		109			0
99	7	10	29	108	80	1		0		109			0
751	7	10	29	108	80	50		0		109			0
390	7	10	30	108	79	10		0		109			0
971	7	10	30	108	79	100		0		109			0
950	4	10	26	109	77	100		0		103			0
659	0	10	20	109	85	25		0		105			0
1013	6	10	28	109	77	100		0		105			0
524	2	10	24	109	82	25		0		106			0
913	4	10	24	109	82	50		0		106			0
186	7	10	25	109	81	1		0		106			0
456	6	10	22	109	85	10		0		107			0
62	0	10	26	109	81	1		0		107			0
1021	2	10	30	109	77	500		0		107			0
934	4	10	28	109	79	100		0		107			0
180	7	10	22	109	85	1		0		107			0
69	7	10	29	109	78	1		0		107			0
493	0	10	21	109	87	25		0		108			0
638	6	10	23	109	85	25		0		108			0
154	0	10	25	109	83	1		0		108			0
47	0	10	27	109	81	1		0		108			0
902	0	10	29	109	79	50		0		108			0
230	4	10	21	109	87	1		0		108			0
172	4	10	25	109	83	1		0		108			0
987	4	10	29	109	79	100		0		108			0
300	6	10	30	109	78	10		0		108			0
548	7	10	23	109	85	25		0		108			0
201	7	10	27	109	81	1		0		108			0
877	7	10	29	109	79	50		0		108			0
421	0	10	21	109	88	10		0		109			0
954	6	10	21	109	88	100		0		109			0
505	6	10	23	109	86	25		0		109			0
786	0	10	24	109	85	50		0		109			0
927	6	10	24	109	85	100		0		109			0
542	6	10	25	109	84	25		0		109			0
717	6	10	26	109	83	50		0		109			0
730	2	10	27	109	82	50		0		109			0
343	0	10	29	109	80	10		0		109			0
123	0	10	30	109	79	1		0		109			0
944	4	10	20	109	89	100		0		109			0
166	4	10	24	109	85	1		0		109			0
86	4	10	25	109	84	1		0		109			0
314	4	10	28	109	81	10		0		109			0
792	4	10	29	109	80	50		0		109			0
470	6	10	27	109	82	10		0		109			0
45	6	10	30	109	79	1		0		109			0
496	7	10	21	109	88	25		0		109			0
686	7	10	22	109	87	25		0		109			0
569	7	10	24	109	85	25		0		109			0
338	7	10	26	109	83	10		0		109			0
749	7	10	27	109	82	50		0		109			0
219	7	10	29	109	80	1		0		109			0
940	7	10	30	109	79	100		0		109			0
207	0	10	21	109	89	1		0		110			0
401	6	10	21	109	89	10		0		110			0
782	6	10	21	109	89	50		0		110			0
251	0	10	22	109	88	10		0		110			0
923	6	10	22	109	88	100		0		110			0
285	0	10	23	109	87	10		0		110			0
969	6	10	23	109	87	100		0		110			0
655	0	10	24	109	86	25		0		110			0
475	2	10	24	109	86	10		0		110			0
904	6	10	24	109	86	50		0		110			0
525	0	10	25	109	85	25		0		110			0
434	6	10	25	109	85	10		0		110			0
845	6	10	25	109	85	50		0		110			0
495	6	10	26	109	84	25		0		110			0
371	0	10	27	109	83	10		0		110			0
531	2	10	27	109	83	25		0		110			0
790	2	10	28	109	82	50		0		110			0
306	2	10	29	109	81	10		0		110			0
922	2	10	29	109	81	100		0		110			0
61	2	10	30	109	80	1		0		110			0
235	4	10	20	109	90	1		0		110			0
33	4	10	23	109	87	1		0		110			0
926	4	10	23	109	87	100		0		110			0
891	4	10	24	109	86	50		0		110			0
967	4	10	24	109	86	100		0		110			0
6	4	10	27	109	83	1		0		110			0
975	4	10	27	109	83	100		0		110			0
915	4	10	28	109	82	50		0		110			0
37	4	10	29	109	81	1		0		110			0
363	4	10	30	109	80	10		0		110			0
436	6	10	27	109	83	10		0		110			0
260	6	10	28	109	82	10		0		110			0
696	6	10	29	109	81	25		0		110			0
924	6	10	30	109	80	100		0		110			0
227	7	10	21	109	89	1		0		110			0
108	7	10	22	109	88	1		0		110			0
612	7	10	22	109	88	25		0		110			0
117	7	10	24	109	86	1		0		110			0
342	7	10	24	109	86	10		0		110			0
935	7	10	24	109	86	100		0		110			0
814	7	10	26	109	84	50		0		110			0
156	7	10	27	109	83	1		0		110			0
897	7	10	27	109	83	50		0		110			0
972	7	10	27	109	83	100		0		110			0
103	7	10	29	109	81	1		0		110			0
914	7	10	29	109	81	50		0		110			0
514	7	10	30	109	80	25		0		110			0
187	0	10	28	110	76	1		0		104			0
8	6	10	20	110	86	1		0		106			0
81	6	10	29	110	77	1		0		106			0
834	0	10	24	110	83	50		0		107			0
715	4	10	24	110	83	50		0		107			0
651	7	10	24	110	83	25		0		107			0
752	0	10	22	110	86	50		0		108			0
822	6	10	25	110	83	50		0		108			0
839	0	10	30	110	78	50		0		108			0
817	4	10	28	110	80	50		0		108			0
41	7	10	22	110	86	1		0		108			0
995	7	10	27	110	81	100		0		108			0
622	6	10	21	110	88	25		0		109			0
568	0	10	24	110	85	25		0		109			0
529	0	10	25	110	84	25		0		109			0
84	2	10	27	110	82	1		0		109			0
772	2	10	29	110	80	50		0		109			0
850	4	10	22	110	87	50		0		109			0
887	4	10	27	110	82	50		0		109			0
921	4	10	30	110	79	100		0		109			0
958	6	10	30	110	79	100		0		109			0
694	7	10	23	110	86	25		0		109			0
239	7	10	27	110	82	1		0		109			0
193	7	10	30	110	79	1		0		109			0
266	0	10	21	110	89	10		0		110			0
795	6	10	21	110	89	50		0		110			0
984	6	10	22	110	88	100		0		110			0
572	0	10	24	110	86	25		0		110			0
901	6	10	24	110	86	50		0		110			0
50	6	10	25	110	85	1		0		110			0
296	6	10	26	110	84	10		0		110			0
324	2	10	27	110	83	10		0		110			0
333	0	10	29	110	81	10		0		110			0
594	0	10	30	110	80	25		0		110			0
781	4	10	21	110	89	50		0		110			0
769	4	10	24	110	86	50		0		110			0
395	4	10	26	110	84	10		0		110			0
521	4	10	28	110	82	25		0		110			0
175	4	10	30	110	80	1		0		110			0
522	6	10	27	110	83	25		0		110			0
813	6	10	30	110	80	50		0		110			0
589	7	10	21	110	89	25		0		110			0
224	7	10	23	110	87	1		0		110			0
628	7	10	24	110	86	25		0		110			0
948	7	10	26	110	84	100		0		110			0
938	7	10	27	110	83	100		0		110			0
751	7	10	29	110	81	50		0		110			0
971	7	10	30	110	80	100		0		110			0
270	0	10	28	111	77	10		0		105			0
385	6	10	20	111	87	10		0		107			0
544	6	10	29	111	78	25		0		107			0
533	2	10	24	111	84	25		0		108			0
619	4	10	24	111	84	25		0		108			0
980	7	10	25	111	83	100		0		108			0
588	6	10	22	111	87	25		0		109			0
122	0	10	26	111	83	1		0		109			0
134	4	10	20	111	89	1		0		109			0
942	4	10	28	111	81	100		0		109			0
242	7	10	22	111	87	1		0		109			0
311	7	10	28	111	81	10		0		109			0
423	6	10	21	111	89	10		0		110			0
707	6	10	23	111	87	50		0		110			0
71	0	10	25	111	85	1		0		110			0
234	0	10	27	111	83	1		0		110			0
471	2	10	29	111	81	10		0		110			0
608	4	10	23	111	87	25		0		110			0
953	4	10	27	111	83	100		0		110			0
178	6	10	27	111	83	1		0		110			0
474	7	10	20	111	90	10		0		110			0
249	7	10	24	111	86	10		0		110			0
734	7	10	27	111	83	50		0		110			0
390	7	10	30	111	80	10		0		110			0
418	0	10	28	112	78	10		0		106			0
518	0	10	20	112	88	25		0		108			0
701	6	10	27	112	81	25		0		108			0
731	6	10	24	112	85	50		0		109			0
936	4	10	24	112	85	100		0		109			0
833	7	10	24	112	85	50		0		109			0
862	0	10	22	112	88	50		0		110			0
582	6	10	25	112	85	25		0		110			0
213	4	10	20	112	90	1		0		110			0
990	4	10	28	112	82	100		0		110			0
492	7	10	22	112	88	25		0		110			0
99	7	10	29	112	81	1		0		110			0
874	0	10	28	113	79	50		0		107			0
476	6	10	20	113	89	10		0		109			0
626	6	10	29	113	80	25		0		109			0
36	2	10	24	113	86	1		0		110			0
952	4	10	24	113	86	100		0		110			0
183	7	10	26	113	84	1		0		110			0
932	2	10	27	114	81	100		0		108			0
523	0	10	20	114	90	25		0		110			0
684	6	10	29	114	81	25		0		110			0
209	2	10	28	115	81	1		0		109			0
970	2	10	27	116	83	100		0		110			0
